SNP	MarkerName	A1	A2	Freq1	FreqSE	MinFreq	MaxFreq	BETA	SE	P	Direction	HetISq	HetChiSq	HetDf	HetPVal	TotalSampleSize	CHR	BP
rs199726961	chr16:77006439_D_I	d	i	0.0532	0.0018	0.0485	0.0541	0.1564	0.0361	1.449e-05	+-+	44.1	3.577	2	0.1672	10708	16	77006439
rs35985395	chr18:68068633_C_T	t	c	0.4101	0.0024	0.4057	0.4164	0.0619	0.0140	9.278e-06	++-	52.3	4.190	2	0.123	10708	18	68068633
rs4731885	chr7:132306850_A_T	a	t	0.8584	0.0026	0.8551	0.8659	-0.0813	0.0194	2.844e-05	---	0.0	0.266	2	0.8756	10708	7	132306850
rs8060244	chr16:78429049_C_T	t	c	0.0420	0.0032	0.0362	0.0493	0.1441	0.0338	1.997e-05	+++	0.0	0.184	2	0.912	10708	16	78429049
rs78786457	chr19:48105932_C_G	c	g	0.1116	0.0047	0.1017	0.1225	0.0953	0.0218	1.289e-05	+++	0.0	0.297	2	0.8619	10708	19	48105932
rs1519479	chr11:27667531_C_T	t	c	0.4750	0.0069	0.4545	0.4792	-0.0561	0.0134	3.035e-05	---	0.0	1.653	2	0.4376	10708	11	27667531
rs10150253	chr14:97144256_C_G	c	g	0.9817	0.0025	0.9774	0.9886	-0.2143	0.0518	3.532e-05	---	0.0	1.095	2	0.5785	10708	14	97144256
rs140556953	chr13:114760043_D_I	d	i	0.6347	0.0046	0.6226	0.6377	0.0575	0.0142	4.92e-05	+++	3.0	2.061	2	0.3568	10708	13	114760043
rs75915266	chr16:78422170_C_T	t	c	0.0420	0.0032	0.0358	0.0493	0.1427	0.0338	2.48e-05	+++	0.0	0.126	2	0.9389	10708	16	78422170
rs4657644	chr1:167138099_G_T	t	g	0.9172	0.0037	0.9158	0.9276	-0.1030	0.0250	3.669e-05	---	0.0	0.568	2	0.7529	10708	1	167138099
rs57632597	chr16:29680036_D_I	d	i	0.7288	0.0025	0.7222	0.7339	0.0704	0.0158	8.63e-06	+++	73.5	7.542	2	0.02303	10708	16	29680036
rs12596940	chr16:29692240_C_T	t	c	0.2536	0.0006	0.2519	0.2544	-0.0643	0.0159	4.955e-05	---	28.2	2.784	2	0.2485	10708	16	29692240
rs114926827	chr5:81119863_A_G	a	g	0.9036	0.0033	0.8963	0.9098	-0.1097	0.0229	1.724e-06	---	0.0	0.861	2	0.6501	10708	5	81119863
rs1429998	chr3:5538188_C_T	t	c	0.3912	0.0049	0.3889	0.4015	0.0631	0.0150	2.594e-05	+++	0.0	0.105	2	0.9489	10708	3	5538188
rs12206808	chr6:92924279_C_T	t	c	0.1143	0.0002	0.1142	0.1148	0.0874	0.0213	3.937e-05	+++	50.6	4.046	2	0.1322	10708	6	92924279
rs573387536	chr17:80883979_C_T	t	c	0.9679	0.0007	0.9663	0.9695	-0.2025	0.0484	2.884e-05	---	0.0	0.783	2	0.6762	10708	17	80883979
rs78306426	chr15:84165979_C_T	t	c	0.0101	0.0008	0.0098	0.0124	0.2884	0.0705	4.292e-05	+++	0.0	0.292	2	0.8639	10708	15	84165979
rs59956501	chr19:48114363_C_T	t	c	0.1051	0.0035	0.0955	0.1063	0.1018	0.0235	1.5e-05	+?+	0.0	0.360	1	0.5487	9682	19	48114363
rs111729451	chr19:23462689_C_T	t	c	0.0720	0.0059	0.0673	0.0884	-0.1171	0.0272	1.606e-05	---	0.0	0.387	2	0.8243	10708	19	23462689
rs72883668	chr18:34887144_C_T	t	c	0.9157	0.0014	0.9115	0.9161	0.0986	0.0243	4.938e-05	+++	0.0	1.968	2	0.3738	10708	18	34887144
rs1674762	chr1:161602226_C_T	t	c	0.7811	0.0067	0.7662	0.7843	0.0811	0.0189	1.72e-05	+++	69.2	6.498	2	0.03881	10708	1	161602226
rs4047523	chr1:161608317_A_C	a	c	0.5865	0.0056	0.5684	0.5885	0.0607	0.0149	4.473e-05	+++	75.7	8.236	2	0.01627	10708	1	161608317
rs117996093	chr8:37086947_C_T	t	c	0.0139	0.0021	0.0127	0.0187	0.2682	0.0631	2.148e-05	++-	58.0	4.767	2	0.09221	10708	8	37086947
rs72883694	chr18:34900942_C_T	t	c	0.9254	0.0015	0.9212	0.9270	0.1073	0.0258	3.13e-05	+++	0.0	1.609	2	0.4472	10708	18	34900942
rs117702298	chr6:73551058_A_G	a	g	0.9831	0.0014	0.9792	0.9838	0.2225	0.0542	4.029e-05	+++	0.0	0.707	2	0.7023	10708	6	73551058
rs533607853	chr14:46355847_C_T	t	c	0.9603	0.0036	0.9534	0.9623	-0.1608	0.0374	1.727e-05	---	35.1	3.082	2	0.2142	10708	14	46355847
rs111414298	chr18:34880257_A_G	a	g	0.9139	0.0031	0.9048	0.9151	0.1005	0.0241	3.104e-05	+++	7.7	2.167	2	0.3383	10708	18	34880257
rs8058511	chr16:78426877_C_T	t	c	0.0424	0.0034	0.0363	0.0503	0.1401	0.0337	3.232e-05	+++	0.0	0.254	2	0.8808	10708	16	78426877
rs2012316	chr7:132318079_A_G	a	g	0.8514	0.0011	0.8501	0.8544	-0.0821	0.0190	1.614e-05	---	0.0	0.373	2	0.8297	10708	7	132318079
rs73123964	chr4:32797054_C_T	t	c	0.0127	0.0012	0.0097	0.0148	0.2486	0.0612	4.893e-05	+++	0.0	0.227	2	0.8929	10708	4	32797054
rs13139329	chr4:2767303_A_G	a	g	0.0352	0.0010	0.0348	0.0381	0.1544	0.0379	4.653e-05	+++	0.0	1.793	2	0.408	10708	4	2767303
rs117576185	chr12:107471357_C_T	t	c	0.9837	0.0010	0.9808	0.9841	0.2205	0.0540	4.383e-05	+++	0.0	1.322	2	0.5162	10708	12	107471357
rs12192424	chr6:92941551_A_G	a	g	0.1193	0.0002	0.1190	0.1200	0.0883	0.0209	2.382e-05	+++	43.0	3.508	2	0.1731	10708	6	92941551
rs4385847	chr11:27707729_C_T	t	c	0.5367	0.0055	0.5344	0.5530	0.0549	0.0135	4.824e-05	+++	0.0	1.648	2	0.4388	10708	11	27707729
rs9580470	chr13:23503706_C_G	c	g	0.6865	0.0072	0.6832	0.7060	0.0655	0.0149	1.147e-05	+++	0.0	1.125	2	0.5698	10708	13	23503706
rs1392169	chr5:135607088_C_G	c	g	0.8555	0.0031	0.8470	0.8569	0.0908	0.0194	2.955e-06	+++	0.0	1.295	2	0.5233	10708	5	135607088
rs12664525	chr6:92931557_C_G	c	g	0.1151	0.0001	0.1151	0.1153	0.0877	0.0212	3.566e-05	+++	50.7	4.055	2	0.1317	10708	6	92931557
rs35750666	chr4:144834004_A_G	a	g	0.0625	0.0043	0.0553	0.0741	0.1238	0.0301	4.026e-05	+++	18.0	2.439	2	0.2954	10708	4	144834004
rs10818716	chr9:101036392_C_T	t	c	0.6421	0.0036	0.6405	0.6523	0.0581	0.0141	3.846e-05	+++	0.0	0.904	2	0.6364	10708	9	101036392
rs58161463	chr9:101030451_A_G	a	g	0.6409	0.0038	0.6392	0.6518	0.0589	0.0141	2.947e-05	+++	0.0	1.005	2	0.6051	10708	9	101030451
rs962369	chr11:27734420_C_T	t	c	0.7004	0.0032	0.6988	0.7086	-0.0617	0.0146	2.492e-05	---	0.0	0.241	2	0.8864	10708	11	27734420
rs199810886	chr14:46324913_A_G	a	g	0.9614	0.0017	0.9577	0.9623	-0.1547	0.0367	2.436e-05	---	0.0	1.599	2	0.4496	10708	14	46324913
rs72796055	chr16:78412693_A_C	a	c	0.0437	0.0037	0.0366	0.0522	0.1380	0.0333	3.37e-05	+++	0.0	0.045	2	0.9775	10708	16	78412693
rs547535151	chr7:104149065_A_T	a	t	0.9886	0.0013	0.9868	0.9939	-0.3191	0.0765	3.058e-05	---	17.4	2.422	2	0.2978	10708	7	104149065
rs6977448	chr7:132324508_A_T	a	t	0.8567	0.0016	0.8541	0.8610	-0.0788	0.0193	4.527e-05	---	0.0	0.070	2	0.9654	10708	7	132324508
rs349797	chr4:132873263_A_G	a	g	0.2479	0.0070	0.2444	0.2622	0.0727	0.0172	2.341e-05	+-+	69.8	6.621	2	0.03649	10708	4	132873263
rs10063963	chr5:87298658_A_T	a	t	0.2999	0.0070	0.2970	0.3206	0.0778	0.0176	9.549e-06	++-	37.2	3.183	2	0.2037	10708	5	87298658
rs12927033	chr16:29687168_C_G	c	g	0.2569	0.0002	0.2563	0.2570	-0.0643	0.0158	4.606e-05	---	27.2	2.749	2	0.253	10708	16	29687168
rs1018674	chr13:23481660_G_T	t	g	0.6672	0.0102	0.6631	0.6992	0.0660	0.0147	6.666e-06	+++	0.0	1.119	2	0.5716	10708	13	23481660
rs9977746	chr21:33334490_A_G	a	g	0.1111	0.0058	0.1080	0.1244	-0.0934	0.0221	2.314e-05	-+-	18.8	2.463	2	0.2918	10708	21	33334490
rs151189849	chr4:181270427_A_G	a	g	0.9856	0.0022	0.9798	0.9876	0.2597	0.0589	1.051e-05	+++	0.0	1.390	2	0.499	10708	4	181270427
rs349286	chr4:132871403_A_G	a	g	0.2371	0.0122	0.2317	0.2708	0.0707	0.0173	4.618e-05	+-+	39.1	3.285	2	0.1935	10708	4	132871403
rs78810496	chr8:16986663_C_G	c	g	0.9413	0.0019	0.9369	0.9449	-0.1206	0.0295	4.361e-05	---	19.9	2.496	2	0.2871	10708	8	16986663
rs349285	chr4:132869159_A_C	a	c	0.3403	0.0075	0.3367	0.3560	0.0694	0.0157	9.521e-06	+-+	27.1	2.742	2	0.2539	10708	4	132869159
rs74566420	chr11:128141947_A_G	a	g	0.0336	0.0011	0.0304	0.0341	-0.1545	0.0379	4.641e-05	--+	51.5	4.126	2	0.1271	10708	11	128141947
rs73123973	chr4:32798323_G_T	t	g	0.0127	0.0012	0.0097	0.0148	0.2502	0.0613	4.419e-05	+++	0.0	0.208	2	0.9011	10708	4	32798323
rs61888800	chr11:27722278_G_T	t	g	0.2535	0.0019	0.2524	0.2593	0.0631	0.0155	4.522e-05	+++	0.0	0.569	2	0.7524	10708	11	27722278
rs55797137	chr16:78423729_C_T	t	c	0.0410	0.0038	0.0342	0.0496	0.1414	0.0343	3.722e-05	+++	0.0	0.107	2	0.9481	10708	16	78423729
rs7259242	chr19:48121994_C_T	t	c	0.1200	0.0061	0.1065	0.1334	0.0857	0.0210	4.482e-05	+++	0.0	1.721	2	0.4229	10708	19	48121994
rs11574559	chr16:29677843_A_T	a	t	0.2550	0.0013	0.2509	0.2555	-0.0744	0.0164	5.507e-06	---	75.9	8.282	2	0.01591	10708	16	29677843
rs28794650	chr9:97116351_A_C	a	c	0.4194	0.0039	0.4172	0.4307	-0.0596	0.0139	1.757e-05	---	53.8	4.333	2	0.1146	10708	9	97116351
rs4891401	chr18:68069611_G_T	t	g	0.4093	0.0020	0.4048	0.4139	0.0617	0.0140	9.906e-06	++-	42.7	3.490	2	0.1747	10708	18	68069611
rs112842656	chr11:27691085_C_T	t	c	0.3352	0.0025	0.3304	0.3366	0.0622	0.0144	1.497e-05	+++	0.0	0.065	2	0.9681	10708	11	27691085
rs139506167	chr19:6163532_A_C	a	c	0.9892	0.0009	0.9871	0.9897	0.2711	0.0666	4.744e-05	+++	8.6	2.187	2	0.335	10708	19	6163532
rs452964	chr13:110557203_C_T	t	c	0.7940	0.0038	0.7922	0.8034	0.0704	0.0167	2.573e-05	+++	0.0	0.690	2	0.7081	10708	13	110557203
rs6920232	chr6:92943745_C_G	c	g	0.8803	0.0002	0.8802	0.8806	-0.0910	0.0209	1.31e-05	---	44.9	3.627	2	0.1631	10708	6	92943745
rs56183253	chr16:78406836_C_T	t	c	0.9554	0.0042	0.9460	0.9636	-0.1353	0.0328	3.696e-05	---	0.0	0.022	2	0.9891	10708	16	78406836
rs9409575	chr9:97271019_A_G	a	g	0.3491	0.0028	0.3432	0.3550	-0.0587	0.0143	4.061e-05	---	10.2	2.227	2	0.3285	10708	9	97271019
rs56133711	chr11:27723334_A_G	a	g	0.2535	0.0020	0.2524	0.2595	0.0633	0.0155	4.225e-05	+++	0.0	0.547	2	0.7609	10708	11	27723334
rs4743196	chr9:101049252_A_G	a	g	0.3551	0.0047	0.3415	0.3572	-0.0615	0.0141	1.318e-05	---	0.0	0.624	2	0.7321	10708	9	101049252
rs78372775	chr20:22112275_C_T	t	c	0.0461	0.0033	0.0447	0.0550	0.1465	0.0329	8.591e-06	+++	0.0	1.714	2	0.4244	10708	20	22112275
rs111983868	chr1:167112785_G_T	t	g	0.8816	0.0032	0.8800	0.8895	-0.0918	0.0211	1.31e-05	---	0.0	0.249	2	0.8827	10708	1	167112785
rs56131139	chr19:23460785_C_T	t	c	0.9321	0.0051	0.9179	0.9359	0.1293	0.0282	4.374e-06	+++	0.0	0.233	2	0.8902	10708	19	23460785
rs766669774	chr19:52013258_D_I	d	i	0.7502	0.0025	0.7450	0.7560	0.0716	0.0168	2.091e-05	+-+	69.0	6.461	2	0.03954	10708	19	52013258
rs59268520	chr5:135587747_C_T	t	c	0.1153	0.0031	0.1138	0.1238	-0.1052	0.0215	1.036e-06	---	29.5	2.835	2	0.2423	10708	5	135587747
rs4145131	chr6:92956282_C_T	t	c	0.1195	0.0006	0.1192	0.1213	0.0874	0.0209	2.981e-05	+++	47.3	3.798	2	0.1497	10708	6	92956282
rs12744444	chr1:168903184_A_G	a	g	0.2144	0.0029	0.2080	0.2205	-0.0695	0.0168	3.628e-05	-+-	52.7	4.230	2	0.1206	10708	1	168903184
rs181147464	chr19:23375762_C_T	t	c	0.9345	0.0021	0.9285	0.9353	0.1140	0.0276	3.677e-05	+++	0.0	0.008	2	0.996	10708	19	23375762
rs72796087	chr16:78422194_C_T	t	c	0.0419	0.0030	0.0360	0.0486	0.1437	0.0339	2.206e-05	+++	0.0	0.148	2	0.9288	10708	16	78422194
rs77430101	chr22:19715909_C_T	t	c	0.0496	0.0047	0.0474	0.0618	-0.1435	0.0343	2.918e-05	---	0.0	0.662	2	0.7183	10708	22	19715909
rs10247486	chr7:132306006_G_T	t	g	0.8525	0.0035	0.8478	0.8626	-0.0890	0.0193	3.962e-06	---	0.0	0.512	2	0.7741	10708	7	132306006
rs553687009	chr22:31989973_D_I	d	i	0.8940	0.0006	0.8921	0.8946	0.0969	0.0237	4.169e-05	+++	0.0	0.218	2	0.8968	10708	22	31989973
rs11648747	chr16:12484806_C_T	t	c	0.9518	0.0001	0.9515	0.9521	-0.1298	0.0317	4.206e-05	---	0.0	1.566	2	0.4571	10708	16	12484806
rs116092415	chr4:105831751_C_T	t	c	0.0234	0.0020	0.0164	0.0241	0.1857	0.0452	3.949e-05	+++	0.0	0.302	2	0.8599	10708	4	105831751
rs349857	chr4:132817265_C_T	t	c	0.2579	0.0031	0.2564	0.2654	0.0698	0.0169	3.511e-05	+-+	0.0	1.957	2	0.3759	10708	4	132817265
rs75577576	chr20:59831528_C_T	t	c	0.0563	0.0047	0.0538	0.0674	0.1221	0.0298	4.139e-05	+++	0.0	0.726	2	0.6956	10708	20	59831528
rs12729624	chr1:168930460_C_T	t	c	0.2154	0.0019	0.2106	0.2183	-0.0683	0.0164	3.305e-05	-+-	58.1	4.778	2	0.09174	10708	1	168930460
rs148154505	chr5:72966304_D_I	d	i	0.9789	0.0010	0.9784	0.9821	-0.2205	0.0501	1.079e-05	---	0.0	0.470	2	0.7904	10708	5	72966304
rs10835209	chr11:27661899_A_G	a	g	0.5251	0.0067	0.5212	0.5452	0.0563	0.0135	2.86e-05	+++	0.0	1.997	2	0.3685	10708	11	27661899
rs78042482	chr15:58694863_A_G	a	g	0.0127	0.0012	0.0117	0.0157	0.2581	0.0628	3.941e-05	+++	0.0	0.248	2	0.8833	10708	15	58694863
rs11350739	chr5:154113127_D_I	d	i	0.9808	0.0003	0.9799	0.9809	0.2363	0.0574	3.838e-05	+++	82.0	11.088	2	0.003912	10708	5	154113127
rs13147419	chr4:4377763_A_G	a	g	0.2715	0.0055	0.2693	0.2878	0.0643	0.0156	3.826e-05	+++	0.0	1.462	2	0.4813	10708	4	4377763
rs145836687	chr5:81119744_A_G	a	g	0.0966	0.0033	0.0906	0.1040	0.1089	0.0229	2.017e-06	+++	0.0	0.772	2	0.6798	10708	5	81119744
rs72774922	chr5:81126499_C_T	t	c	0.9036	0.0031	0.8961	0.9079	-0.1105	0.0229	1.45e-06	---	0.0	0.811	2	0.6668	10708	5	81126499
rs57904876	chr1:168915077_A_G	a	g	0.2163	0.0024	0.2107	0.2207	-0.0693	0.0164	2.462e-05	-+-	53.6	4.315	2	0.1156	10708	1	168915077
rs12292980	chr11:27734349_A_G	a	g	0.3132	0.0028	0.3058	0.3144	0.0623	0.0145	1.703e-05	+++	0.0	0.163	2	0.9218	10708	11	27734349
rs76224381	chr2:154952317_A_G	a	g	0.0224	0.0025	0.0210	0.0275	-0.1997	0.0485	3.806e-05	---	0.0	0.486	2	0.7843	10708	2	154952317
rs55672900	chr9:94589076_D_I	d	i	0.2066	0.0014	0.2037	0.2073	-0.0793	0.0180	1.096e-05	---	24.4	2.647	2	0.2662	10708	9	94589076
rs111290249	chr10:72416222_C_T	t	c	0.9788	0.0015	0.9781	0.9828	-0.1992	0.0474	2.608e-05	---	18.5	2.455	2	0.2931	10708	10	72416222
rs34183412	chr3:77593530_D_I	d	i	0.8480	0.0033	0.8427	0.8565	0.0809	0.0190	2.141e-05	+++	0.0	0.873	2	0.6463	10708	3	77593530
rs72774925	chr5:81127599_C_T	t	c	0.9037	0.0034	0.8961	0.9097	-0.1098	0.0229	1.718e-06	---	0.0	0.862	2	0.65	10708	5	81127599
rs147854552	chr15:66160555_C_G	c	g	0.9900	0.0006	0.9898	0.9919	-0.3608	0.0829	1.357e-05	---	0.0	0.246	2	0.8842	10708	15	66160555
rs563707	chr3:151871763_C_G	c	g	0.9217	0.0025	0.9185	0.9297	0.1044	0.0255	4.33e-05	+++	0.0	1.566	2	0.4571	10708	3	151871763
rs3838785	chr11:27679010_D_I	d	i	0.6713	0.0033	0.6700	0.6801	-0.0661	0.0143	4.091e-06	---	0.0	0.061	2	0.9699	10708	11	27679010
rs538552615	chr19:6162256_D_I	d	i	0.0104	0.0007	0.0091	0.0120	-0.2765	0.0680	4.776e-05	---	26.6	2.724	2	0.2562	10708	19	6162256
rs1520485	chr3:46644094_A_G	a	g	0.2736	0.0056	0.2671	0.2883	-0.0618	0.0150	3.887e-05	-+-	52.5	4.214	2	0.1216	10708	3	46644094
rs151264919	chr22:43337960_C_T	t	c	0.9823	0.0018	0.9807	0.9891	-0.2259	0.0540	2.847e-05	---	50.6	4.052	2	0.1319	10708	22	43337960
rs62140677	chr2:51422501_A_G	a	g	0.8361	0.0064	0.8209	0.8482	-0.0785	0.0185	2.114e-05	-+-	71.0	6.885	2	0.03198	10708	2	51422501
rs3734124	chr5:135561058_A_G	a	g	0.9299	0.0020	0.9245	0.9324	0.1092	0.0268	4.685e-05	+-+	60.0	5.002	2	0.08201	10708	5	135561058
rs71605138	chr5:26828595_D_I	d	i	0.6953	0.0059	0.6931	0.7131	0.0653	0.0156	2.73e-05	+++	0.0	0.173	2	0.917	10708	5	26828595
rs10767659	chr11:27686196_G_T	t	g	0.6730	0.0030	0.6718	0.6809	-0.0657	0.0143	4.204e-06	---	0.0	0.019	2	0.9903	10708	11	27686196
rs766350602	chr11:27716133_D_I	d	i	0.7104	0.0048	0.6989	0.7128	-0.0681	0.0158	1.54e-05	---	0.0	0.547	2	0.7606	10708	11	27716133
rs2913995	chr19:48117028_C_T	t	c	0.2466	0.0052	0.2389	0.2606	0.0661	0.0157	2.691e-05	+-+	7.3	2.156	2	0.3402	10708	19	48117028
rs112220894	chr11:27690399_C_T	t	c	0.6731	0.0029	0.6720	0.6809	-0.0665	0.0143	3.206e-06	---	0.0	0.027	2	0.9865	10708	11	27690399
rs9817966	chr3:46650540_A_G	a	g	0.7253	0.0048	0.7122	0.7292	0.0618	0.0151	4.227e-05	+-+	54.3	4.374	2	0.1122	10708	3	46650540
rs145510048	chr1:161605454_C_T	t	c	0.7551	0.0022	0.7491	0.7561	0.0756	0.0177	2.071e-05	+-+	72.5	7.266	2	0.02644	10708	1	161605454
rs4542361	chr11:27707681_C_G	c	g	0.5359	0.0057	0.5338	0.5529	0.0549	0.0135	4.87e-05	+++	0.0	1.612	2	0.4465	10708	11	27707681
rs189704427	chr4:163502881_G_T	t	g	0.9877	0.0018	0.9834	0.9893	0.2991	0.0678	1.034e-05	+++	7.6	2.165	2	0.3388	10708	4	163502881
rs78154415	chr1:161600649_C_G	c	g	0.6485	0.0044	0.6355	0.6503	0.0614	0.0147	3.06e-05	+-+	78.2	9.195	2	0.01008	10708	1	161600649
rs535054717	chr10:5538158_D_I	d	i	0.7419	0.0012	0.7413	0.7444	-0.0722	0.0171	2.387e-05	---	0.0	0.085	2	0.9583	10708	10	5538158
rs7720979	chr5:81142937_A_G	a	g	0.9031	0.0034	0.8954	0.9088	-0.1041	0.0230	5.923e-06	---	0.0	0.786	2	0.6751	10708	5	81142937
rs532523351	chr7:132314616_D_I	d	i	0.8573	0.0042	0.8525	0.8700	-0.0816	0.0194	2.699e-05	---	0.0	0.679	2	0.712	10708	7	132314616
rs554823013	chr17:80883978_C_T	t	c	0.0390	0.0020	0.0335	0.0414	0.1761	0.0419	2.641e-05	+++	24.7	2.655	2	0.2651	10708	17	80883978
rs72883671	chr18:34888412_A_G	a	g	0.0844	0.0015	0.0838	0.0888	-0.0998	0.0243	4.041e-05	---	0.0	1.984	2	0.3708	10708	18	34888412
rs4047664	chr1:161612376_G_T	t	g	0.1662	0.0029	0.1649	0.1731	-0.0983	0.0220	8.16e-06	---	0.0	0.190	2	0.9093	10708	1	161612376
rs11773117	chr7:132327970_C_T	t	c	0.1328	0.0031	0.1270	0.1398	0.0848	0.0199	2.06e-05	+++	0.0	0.083	2	0.9594	10708	7	132327970
rs9317292	chr13:23494319_A_G	a	g	0.6731	0.0048	0.6711	0.6878	0.0709	0.0147	1.422e-06	+++	0.0	0.806	2	0.6684	10708	13	23494319
rs576003730	chr19:6163458_D_I	d	i	0.9860	0.0018	0.9818	0.9869	0.2731	0.0636	1.78e-05	+++	40.0	3.332	2	0.189	10708	19	6163458
rs62574298	chr9:101032807_A_G	a	g	0.0520	0.0023	0.0507	0.0568	-0.1605	0.0354	5.758e-06	---	0.0	1.493	2	0.4741	10708	9	101032807
rs10835211	chr11:27701365_A_G	a	g	0.2537	0.0024	0.2521	0.2607	0.0630	0.0154	4.425e-05	+++	0.0	0.646	2	0.724	10708	11	27701365
rs509861	chr6:109082889_C_T	t	c	0.2074	0.0048	0.1965	0.2098	-0.0681	0.0167	4.707e-05	---	0.0	0.377	2	0.8284	10708	6	109082889
rs143832518	chr16:29687199_D_I	d	i	0.2596	0.0012	0.2579	0.2633	-0.0723	0.0158	4.787e-06	---	70.3	6.728	2	0.03459	10708	16	29687199
rs13147906	chr4:144769673_G_T	t	g	0.9387	0.0028	0.9308	0.9434	-0.1302	0.0304	1.789e-05	---	0.0	1.396	2	0.4975	10708	4	144769673
rs62526260	chr8:137547359_C_T	t	c	0.0269	0.0038	0.0255	0.0379	-0.1960	0.0444	1.006e-05	---	0.0	1.254	2	0.5343	10708	8	137547359
rs112605538	chr19:23462178_C_T	t	c	0.0716	0.0059	0.0671	0.0880	-0.1179	0.0272	1.498e-05	---	0.0	0.314	2	0.8545	10708	19	23462178
rs17240798	chr7:81604071_C_T	t	c	0.0192	0.0014	0.0148	0.0214	-0.2076	0.0510	4.656e-05	---	0.0	0.730	2	0.6941	10708	7	81604071
rs113511100	chr20:22186614_A_G	a	g	0.0471	0.0030	0.0444	0.0553	0.1368	0.0323	2.257e-05	+++	0.0	0.504	2	0.7771	10708	20	22186614
rs11030119	chr11:27728102_A_G	a	g	0.3004	0.0036	0.2909	0.3019	0.0609	0.0146	2.988e-05	+++	0.0	0.414	2	0.8131	10708	11	27728102
rs10760243	chr9:101039888_C_T	t	c	0.3595	0.0038	0.3489	0.3613	-0.0595	0.0141	2.349e-05	---	0.0	1.255	2	0.5338	10708	9	101039888
rs148716363	chr12:107132882_C_T	t	c	0.9803	0.0019	0.9754	0.9811	0.2464	0.0518	1.962e-06	+++	0.0	0.543	2	0.7623	10708	12	107132882
rs34824645	chr1:225934339_D_I	d	i	0.8056	0.0035	0.8040	0.8155	-0.0805	0.0194	3.267e-05	-+-	43.9	3.566	2	0.1681	10708	1	225934339
rs12596308	chr16:29691196_C_T	t	c	0.2561	0.0002	0.2556	0.2562	-0.0653	0.0157	3.341e-05	---	21.2	2.537	2	0.2813	10708	16	29691196
rs144785513	chr16:12500744_C_T	t	c	0.0486	0.0001	0.0482	0.0488	0.1300	0.0316	3.996e-05	+++	0.0	1.185	2	0.5529	10708	16	12500744
rs12582595	chr12:2911237_A_T	a	t	0.0163	0.0008	0.0141	0.0174	-0.2369	0.0554	1.926e-05	---	0.0	0.574	2	0.7504	10708	12	2911237
rs115327222	chr15:26101917_C_T	t	c	0.0192	0.0012	0.0186	0.0223	-0.2168	0.0530	4.28e-05	---	84.4	12.798	2	0.001663	10708	15	26101917
rs12214994	chr6:92946240_A_T	a	t	0.8807	0.0002	0.8801	0.8811	-0.0899	0.0209	1.722e-05	---	49.9	3.992	2	0.1359	10708	6	92946240
rs183039517	chr15:32440021_G_T	t	g	0.0106	0.0011	0.0069	0.0110	-0.3048	0.0749	4.766e-05	---	0.0	0.081	2	0.9604	10708	15	32440021
rs62248281	chr3:17685007_C_T	t	c	0.0115	0.0010	0.0096	0.0141	0.2975	0.0728	4.392e-05	+++	0.0	0.046	2	0.9771	10708	3	17685007
rs139064712	chr5:81129730_D_I	d	i	0.0987	0.0040	0.0906	0.1071	0.0996	0.0231	1.554e-05	+++	0.0	1.091	2	0.5797	10708	5	81129730
rs11030108	chr11:27695464_A_G	a	g	0.3141	0.0036	0.3043	0.3161	0.0614	0.0144	2.029e-05	+++	0.0	0.150	2	0.9275	10708	11	27695464
rs143529869	chr10:73191991_D_I	d	i	0.0339	0.0013	0.0333	0.0370	0.1856	0.0400	3.527e-06	+++	0.0	1.232	2	0.54	10708	10	73191991
rs79929659	chr4:32799485_C_T	t	c	0.0126	0.0012	0.0097	0.0147	0.2503	0.0614	4.621e-05	+++	0.0	0.259	2	0.8786	10708	4	32799485
rs12932680	chr16:29689845_A_G	a	g	0.1033	0.0013	0.0993	0.1038	-0.1042	0.0229	5.283e-06	---	63.8	5.520	2	0.06328	10708	16	29689845
rs7041112	chr9:97267274_C_T	t	c	0.3488	0.0020	0.3435	0.3509	-0.0589	0.0143	3.754e-05	---	10.4	2.232	2	0.3276	10708	9	97267274
rs1444145	chr6:92957813_A_T	a	t	0.8806	0.0007	0.8786	0.8809	-0.0875	0.0210	2.955e-05	---	47.8	3.830	2	0.1474	10708	6	92957813
rs66601998	chr1:230570089_D_I	d	i	0.0455	0.0007	0.0451	0.0476	0.1602	0.0394	4.789e-05	+-+	56.5	4.594	2	0.1005	10708	1	230570089
rs368706333	chr16:29684408_D_I	d	i	0.7386	0.0091	0.7107	0.7417	0.0694	0.0159	1.196e-05	+++	43.0	3.509	2	0.173	10708	16	29684408
rs74538320	chr1:161573507_A_G	a	g	0.3352	0.0009	0.3329	0.3357	-0.0631	0.0151	2.88e-05	---	63.0	5.402	2	0.06715	10708	1	161573507
rs28528752	chr14:97145069_A_C	a	c	0.0183	0.0025	0.0114	0.0225	0.2144	0.0518	3.531e-05	+++	0.0	1.091	2	0.5794	10708	14	97145069
rs140733940	chr20:59828549_A_G	a	g	0.0555	0.0033	0.0540	0.0637	0.1271	0.0302	2.514e-05	+++	0.0	0.653	2	0.7216	10708	20	59828549
rs138934130	chr2:236061664_D_I	d	i	0.2280	0.0042	0.2173	0.2352	0.0752	0.0182	3.417e-05	+-+	24.3	2.642	2	0.2669	10708	2	236061664
rs11500197	chr11:27707409_A_G	a	g	0.2538	0.0023	0.2529	0.2605	0.0650	0.0155	2.713e-05	+++	0.0	0.580	2	0.7481	10708	11	27707409
rs1110008	chr18:34877305_C_G	c	g	0.9143	0.0034	0.9045	0.9156	0.0995	0.0242	3.907e-05	+++	9.6	2.213	2	0.3306	10708	18	34877305
rs540668607	chr19:40849702_D_I	d	i	0.1931	0.0042	0.1911	0.2028	0.0991	0.0208	2.013e-06	+++	16.4	2.392	2	0.3024	10708	19	40849702
rs144919112	chr15:80210668_C_T	t	c	0.0120	0.0010	0.0115	0.0142	-0.2845	0.0648	1.131e-05	---	11.1	2.250	2	0.3246	10708	15	80210668
rs748140252	chr5:6517997_A_G	a	g	0.0212	0.0008	0.0188	0.0224	0.3035	0.0633	1.63e-06	+-+	59.9	4.992	2	0.08241	10708	5	6517997
rs6564538	chr16:78430702_C_T	t	c	0.0410	0.0036	0.0343	0.0491	0.1396	0.0342	4.453e-05	+++	0.0	0.130	2	0.9369	10708	16	78430702
rs5806837	chr13:110564930_D_I	d	i	0.2027	0.0045	0.1912	0.2048	-0.0700	0.0169	3.337e-05	---	0.0	0.537	2	0.7645	10708	13	110564930
rs58313897	chr1:167113728_C_T	t	c	0.8815	0.0035	0.8798	0.8892	-0.0898	0.0211	2.018e-05	---	0.0	0.370	2	0.831	10708	1	167113728
rs556373196	chr5:73809150_D_I	d	i	0.0149	0.0013	0.0106	0.0154	-0.2426	0.0590	3.91e-05	---	0.0	0.168	2	0.9193	10708	5	73809150
rs73041681	chr19:48115083_A_G	a	g	0.1189	0.0049	0.1051	0.1249	0.0881	0.0211	2.895e-05	+++	0.0	0.874	2	0.646	10708	19	48115083
rs77406744	chr4:105779701_A_G	a	g	0.0257	0.0023	0.0169	0.0263	0.1771	0.0435	4.79e-05	+++	0.0	0.015	2	0.9927	10708	4	105779701
rs113937221	chr20:22108564_A_G	a	g	0.9533	0.0029	0.9453	0.9545	-0.1448	0.0327	9.343e-06	---	0.0	1.525	2	0.4664	10708	20	22108564
rs78974166	chr19:48105974_A_C	a	c	0.8893	0.0032	0.8860	0.8983	-0.0912	0.0219	3.199e-05	---	0.0	1.070	2	0.5857	10708	19	48105974
rs141305610	chr14:40311878_A_C	a	c	0.9897	0.0007	0.9894	0.9911	-0.3121	0.0739	2.38e-05	---	19.9	2.496	2	0.2871	10708	14	40311878
rs75205904	chr6:92931111_A_G	a	g	0.8849	0.0000	0.8849	0.8849	-0.0880	0.0212	3.369e-05	---	53.1	4.261	2	0.1188	10708	6	92931111
rs61888762	chr11:27709630_C_G	c	g	0.6877	0.0035	0.6846	0.6971	-0.0646	0.0144	7.587e-06	---	0.0	0.430	2	0.8067	10708	11	27709630
rs56040361	chr19:6134598_A_G	a	g	0.9887	0.0014	0.9851	0.9903	0.2685	0.0654	4.003e-05	+++	5.3	2.112	2	0.3479	10708	19	6134598
rs7192626	chr16:78425862_G_T	t	g	0.0421	0.0033	0.0362	0.0498	0.1442	0.0338	1.965e-05	+++	0.0	0.187	2	0.9109	10708	16	78425862
rs1020164	chr18:68069850_G_T	t	g	0.4083	0.0047	0.3923	0.4124	0.0652	0.0142	4.319e-06	+-+	50.5	4.038	2	0.1328	10708	18	68069850
rs201072283	chr16:30648502_D_I	d	i	0.1860	0.0024	0.1849	0.1920	0.0896	0.0201	8.535e-06	+++	69.0	6.457	2	0.03961	10708	16	30648502
rs72774933	chr5:81148719_G_T	t	g	0.1057	0.0038	0.0993	0.1145	0.0910	0.0220	3.638e-05	+++	0.0	1.214	2	0.545	10708	5	81148719
rs116011103	chr5:81123064_C_G	c	g	0.9036	0.0033	0.8963	0.9098	-0.1097	0.0229	1.742e-06	---	0.0	0.878	2	0.6446	10708	5	81123064
rs199652812	chr1:83459761_C_T	t	c	0.9614	0.0031	0.9537	0.9627	0.2444	0.0578	2.342e-05	++?	0.0	0.006	1	0.9398	9376	1	83459761
rs34814248	chr18:68068183_D_I	d	i	0.5851	0.0024	0.5768	0.5858	-0.0659	0.0142	3.506e-06	---	15.3	2.362	2	0.307	10708	18	68068183
rs1499300	chr7:132311000_A_C	a	c	0.8475	0.0027	0.8466	0.8558	-0.0802	0.0188	2.037e-05	---	0.0	0.118	2	0.9427	10708	7	132311000
rs7234413	chr18:34878410_C_T	t	c	0.0861	0.0033	0.0848	0.0955	-0.1002	0.0241	3.325e-05	---	7.2	2.155	2	0.3404	10708	18	34878410
rs13381492	chr18:34882659_C_T	t	c	0.9152	0.0028	0.9072	0.9164	0.0995	0.0242	3.993e-05	+-+	25.0	2.666	2	0.2637	10708	18	34882659
rs11732318	chr4:6122058_A_G	a	g	0.2390	0.0035	0.2320	0.2475	0.0704	0.0162	1.33e-05	+++	0.0	0.163	2	0.9216	10708	4	6122058
rs545973205	chr5:167268066_D_I	d	i	0.2752	0.0041	0.2732	0.2851	0.0747	0.0169	9.48e-06	+++	30.1	2.863	2	0.239	10708	5	167268066
rs67731399	chr19:23463612_C_G	c	g	0.0710	0.0025	0.0672	0.0779	-0.1141	0.0272	2.831e-05	---	0.0	0.263	2	0.8767	10708	19	23463612
rs1245855	chr10:111555582_A_G	a	g	0.4879	0.0025	0.4851	0.4948	0.0604	0.0144	2.616e-05	+++	3.2	2.067	2	0.3558	10708	10	111555582
rs72883686	chr18:34895800_A_G	a	g	0.0749	0.0017	0.0731	0.0796	-0.1074	0.0257	2.947e-05	---	0.0	1.647	2	0.4388	10708	18	34895800
rs369811230	chr11:27691444_D_I	d	i	0.5393	0.0069	0.5348	0.5595	0.0593	0.0137	1.572e-05	+++	22.4	2.577	2	0.2757	10708	11	27691444
rs139710387	chr13:23489423_D_I	d	i	0.3360	0.0045	0.3271	0.3470	-0.0638	0.0149	1.805e-05	---	0.0	0.423	2	0.8093	10708	13	23489423
rs78500263	chr11:27683544_D_I	d	i	0.6690	0.0037	0.6674	0.6786	-0.0670	0.0144	3.241e-06	---	0.0	0.012	2	0.9938	10708	11	27683544
rs1571871	chr9:12913945_A_T	a	t	0.7198	0.0134	0.6785	0.7251	0.0663	0.0157	2.451e-05	+++	0.0	0.636	2	0.7275	10708	9	12913945
rs1412515	chr9:25321111_A_G	a	g	0.1624	0.0036	0.1611	0.1735	-0.0808	0.0192	2.486e-05	---	0.0	1.194	2	0.5505	10708	9	25321111
rs61792788	chr4:32792809_G_T	t	g	0.9821	0.0016	0.9815	0.9870	-0.2957	0.0594	6.533e-07	---	0.0	1.513	2	0.4693	10708	4	32792809
rs118118640	chr12:107414007_C_G	c	g	0.0156	0.0014	0.0150	0.0192	-0.2550	0.0564	6.159e-06	---	3.0	2.061	2	0.3568	10708	12	107414007
rs149173353	chr13:23484828_A_G	a	g	0.3319	0.0033	0.3223	0.3334	-0.0662	0.0146	5.936e-06	---	0.0	1.935	2	0.3801	10708	13	23484828
rs116211263	chr8:20875401_C_T	t	c	0.9710	0.0015	0.9668	0.9727	-0.1702	0.0415	4.188e-05	---	50.7	4.059	2	0.1314	10708	8	20875401
rs72883684	chr18:34894141_G_T	t	g	0.0760	0.0019	0.0741	0.0814	-0.1038	0.0256	4.994e-05	---	0.0	1.790	2	0.4086	10708	18	34894141
rs11030121	chr11:27736207_C_T	t	c	0.3129	0.0030	0.3062	0.3144	0.0633	0.0145	1.275e-05	+++	0.0	0.079	2	0.9614	10708	11	27736207
rs570828911	chr7:27084325_A_G	a	g	0.9747	0.0013	0.9741	0.9784	-0.2066	0.0487	2.194e-05	---	0.0	0.055	2	0.9729	10708	7	27084325
rs112868308	chr19:23463490_C_G	c	g	0.9274	0.0063	0.9101	0.9327	0.1140	0.0270	2.398e-05	+++	0.0	0.251	2	0.8822	10708	19	23463490
rs11640118	chr16:12506743_G_T	t	g	0.0486	0.0003	0.0481	0.0492	0.1298	0.0316	4.112e-05	+++	0.0	1.200	2	0.5489	10708	16	12506743
rs71143749	chr16:29693527_D_I	d	i	0.7542	0.0042	0.7419	0.7560	0.0771	0.0167	3.905e-06	+++	81.8	10.982	2	0.004124	10708	16	29693527
rs76303275	chr11:128140700_A_G	a	g	0.9664	0.0011	0.9658	0.9694	0.1538	0.0379	4.988e-05	++-	51.4	4.117	2	0.1276	10708	11	128140700
rs185981704	chr11:111850943_A_T	a	t	0.9630	0.0021	0.9563	0.9637	-0.1543	0.0376	4.028e-05	--+	34.1	3.037	2	0.2191	10708	11	111850943
rs1971315	chr7:132308112_A_T	a	t	0.1712	0.0036	0.1612	0.1763	0.0739	0.0182	4.866e-05	+++	0.0	0.107	2	0.9479	10708	7	132308112
rs75707145	chr11:27739911_G_T	t	g	0.2287	0.0016	0.2281	0.2332	0.0668	0.0164	4.608e-05	+++	0.0	0.058	2	0.9715	10708	11	27739911
rs1519480	chr11:27675712_C_T	t	c	0.6806	0.0030	0.6793	0.6886	-0.0617	0.0144	1.807e-05	---	0.0	0.094	2	0.9541	10708	11	27675712
rs67782645	chr7:132310704_C_T	t	c	0.8583	0.0026	0.8559	0.8662	-0.0825	0.0194	2.17e-05	---	0.0	0.293	2	0.8638	10708	7	132310704
rs17245670	chr22:49766527_A_G	a	g	0.0725	0.0021	0.0660	0.0756	-0.1125	0.0271	3.271e-05	--+	66.1	5.901	2	0.05232	10708	22	49766527
rs10944577	chr6:92942037_C_T	t	c	0.8802	0.0003	0.8800	0.8807	-0.0916	0.0209	1.146e-05	---	41.0	3.388	2	0.1837	10708	6	92942037
rs672764	chr6:158090541_C_T	t	c	0.6856	0.0085	0.6632	0.6897	0.0625	0.0153	4.215e-05	++-	52.1	4.174	2	0.1241	10708	6	158090541
rs146279602	chr12:2942451_C_T	t	c	0.0151	0.0010	0.0120	0.0163	-0.2418	0.0573	2.481e-05	---	0.0	0.143	2	0.9308	10708	12	2942451
rs12532016	chr7:132305995_G_T	t	g	0.1540	0.0026	0.1481	0.1594	0.0872	0.0191	5.082e-06	+++	0.0	0.517	2	0.7724	10708	7	132305995
rs349290	chr4:132872870_A_G	a	g	0.6607	0.0034	0.6509	0.6627	-0.0704	0.0157	7.444e-06	-+-	20.4	2.512	2	0.2849	10708	4	132872870
rs199523742	chr1:161606148_C_G	c	g	0.1054	0.0044	0.1034	0.1170	-0.1215	0.0284	1.864e-05	---	0.0	1.966	2	0.3741	10708	1	161606148
rs8053518	chr16:29692132_C_T	t	c	0.2530	0.0006	0.2516	0.2545	-0.0646	0.0159	4.838e-05	---	26.6	2.725	2	0.2561	10708	16	29692132
rs3045304	chr11:27671499_D_I	d	i	0.4755	0.0071	0.4543	0.4787	-0.0550	0.0135	4.878e-05	---	0.0	1.777	2	0.4113	10708	11	27671499
rs7985473	chr13:114774448_A_G	a	g	0.3256	0.0033	0.3226	0.3343	-0.0624	0.0147	2.102e-05	---	0.0	0.985	2	0.6111	10708	13	114774448
rs7740008	chr6:92940520_A_G	a	g	0.8801	0.0002	0.8800	0.8806	-0.0918	0.0209	1.067e-05	---	42.4	3.474	2	0.176	10708	6	92940520
rs7251811	chr19:53401321_G_T	t	g	0.6419	0.0033	0.6329	0.6478	0.0692	0.0145	1.977e-06	+++	0.0	1.068	2	0.5863	10708	19	53401321
rs7944119	chr11:27722298_G_T	t	g	0.3115	0.0034	0.3022	0.3128	0.0634	0.0145	1.141e-05	+++	0.0	0.369	2	0.8315	10708	11	27722298
rs142103805	chr11:16565862_A_G	a	g	0.9852	0.0011	0.9822	0.9857	-0.2568	0.0601	1.921e-05	---	0.0	1.123	2	0.5703	10708	11	16565862
rs4517468	chr11:27688286_A_T	a	t	0.3284	0.0032	0.3199	0.3298	0.0649	0.0143	6.155e-06	+++	0.0	0.030	2	0.985	10708	11	27688286
rs115782267	chr5:81148281_A_T	a	t	0.1058	0.0038	0.0994	0.1145	0.0930	0.0221	2.498e-05	+++	0.0	1.517	2	0.4683	10708	5	81148281
rs150924866	chr9:97124204_C_G	c	g	0.6621	0.0097	0.6334	0.6704	0.0668	0.0157	2.191e-05	+++	0.7	2.015	2	0.3651	10708	9	97124204
rs371361364	chr21:10187291_A_C	a	c	0.2104	0.0082	0.1973	0.2326	0.0762	0.0185	3.842e-05	+++	0.0	0.485	2	0.7847	10708	21	10187291
rs9634589	chr13:110561255_C_G	c	g	0.2060	0.0037	0.1966	0.2078	-0.0704	0.0167	2.525e-05	---	0.0	0.713	2	0.7	10708	13	110561255
rs17094199	chr14:97080571_C_T	t	c	0.0171	0.0032	0.0116	0.0245	0.2404	0.0541	8.94e-06	+++	0.0	0.201	2	0.9043	10708	14	97080571
rs79171933	chr5:154381504_A_G	a	g	0.9829	0.0007	0.9825	0.9846	0.2197	0.0518	2.219e-05	+++	59.4	4.930	2	0.085	10708	5	154381504
rs145644836	chr18:72686915_A_G	a	g	0.0146	0.0013	0.0138	0.0182	0.2439	0.0589	3.41e-05	+++	0.0	0.260	2	0.8781	10708	18	72686915
rs11616521	chr13:23506648_G_T	t	g	0.6972	0.0080	0.6935	0.7205	0.0641	0.0154	3.127e-05	+++	15.2	2.358	2	0.3076	10708	13	23506648
rs80241055	chr14:62052146_C_T	t	c	0.0172	0.0015	0.0164	0.0206	-0.2386	0.0572	3.063e-05	---	0.0	0.084	2	0.9587	10708	14	62052146
rs1401635	chr11:27693991_C_G	c	g	0.3140	0.0036	0.3043	0.3167	0.0618	0.0144	1.837e-05	+++	0.0	0.191	2	0.9087	10708	11	27693991
rs75418778	chr15:80201952_C_T	t	c	0.0120	0.0010	0.0114	0.0142	-0.2767	0.0648	1.935e-05	---	30.4	2.872	2	0.2379	10708	15	80201952
rs72774932	chr5:81147151_A_G	a	g	0.0957	0.0038	0.0892	0.1044	0.1024	0.0231	9.228e-06	+++	0.0	1.110	2	0.574	10708	5	81147151
rs544776419	chr16:18121380_G_T	t	g	0.0145	0.0008	0.0141	0.0165	-0.2727	0.0668	4.507e-05	-+-	31.5	2.922	2	0.232	10708	16	18121380
rs17241969	chr5:81146156_C_T	t	c	0.9037	0.0037	0.8953	0.9102	-0.1014	0.0230	1.057e-05	---	0.0	1.111	2	0.5737	10708	5	81146156
rs117676898	chr10:76645065_C_G	c	g	0.9879	0.0010	0.9852	0.9883	0.2856	0.0703	4.808e-05	+++	63.3	5.446	2	0.06568	10708	10	76645065
rs115695800	chr2:65324322_C_T	t	c	0.9851	0.0010	0.9846	0.9877	-0.2342	0.0573	4.375e-05	--+	0.0	1.870	2	0.3925	10708	2	65324322
rs147121013	chr11:78198867_A_T	a	t	0.9797	0.0024	0.9727	0.9822	0.2079	0.0504	3.688e-05	+++	0.0	0.391	2	0.8226	10708	11	78198867
rs1808124	chr11:27686904_C_T	t	c	0.3233	0.0031	0.3153	0.3248	0.0649	0.0143	5.871e-06	+++	0.0	0.093	2	0.9545	10708	11	27686904
rs11849817	chr14:97079258_A_G	a	g	0.0169	0.0029	0.0113	0.0235	0.2462	0.0544	5.956e-06	+++	0.0	0.409	2	0.8152	10708	14	97079258
rs183697571	chr10:72414881_C_T	t	c	0.0199	0.0013	0.0170	0.0205	0.2333	0.0503	3.529e-06	+++	0.0	1.369	2	0.5044	10708	10	72414881
rs17242039	chr5:81152078_C_G	c	g	0.1059	0.0037	0.0991	0.1141	0.0904	0.0220	4.071e-05	+++	0.0	1.210	2	0.5461	10708	5	81152078
rs149306139	chr3:130723621_A_G	a	g	0.9897	0.0007	0.9894	0.9918	0.2939	0.0719	4.334e-05	+++	0.0	0.904	2	0.6363	10708	3	130723621
rs117836170	chr11:16622297_A_G	a	g	0.0146	0.0012	0.0140	0.0177	0.2562	0.0609	2.621e-05	+++	0.0	1.133	2	0.5675	10708	11	16622297
rs72796091	chr16:78429372_A_G	a	g	0.0407	0.0033	0.0342	0.0479	0.1438	0.0343	2.76e-05	+++	0.0	0.137	2	0.9339	10708	16	78429372
rs28550952	chr19:23465240_A_G	a	g	0.0775	0.0057	0.0705	0.0927	-0.1109	0.0269	3.759e-05	---	0.0	0.220	2	0.8956	10708	19	23465240
rs141230475	chr22:43294992_C_G	c	g	0.0179	0.0019	0.0111	0.0206	0.2229	0.0535	3.137e-05	+++	0.0	1.871	2	0.3925	10708	22	43294992
rs2686535	chr3:5514280_A_G	a	g	0.2842	0.0068	0.2813	0.3033	0.0633	0.0154	3.902e-05	+++	0.0	0.093	2	0.9548	10708	3	5514280
rs7124442	chr11:27677041_C_T	t	c	0.6831	0.0032	0.6816	0.6912	-0.0609	0.0144	2.395e-05	---	0.0	0.230	2	0.8912	10708	11	27677041
rs78158403	chr20:22055158_A_G	a	g	0.9535	0.0038	0.9433	0.9549	-0.1514	0.0328	3.978e-06	---	13.9	2.323	2	0.3131	10708	20	22055158
rs1855439	chr13:110573869_G_T	t	g	0.7849	0.0042	0.7830	0.7959	0.0683	0.0165	3.431e-05	+++	0.0	1.215	2	0.5447	10708	13	110573869
rs10168142	chr2:12221413_A_C	a	c	0.5049	0.0061	0.4867	0.5074	-0.0584	0.0138	2.361e-05	---	0.0	0.597	2	0.7418	10708	2	12221413
rs56081412	chr5:81146127_D_I	d	i	0.0979	0.0046	0.0887	0.1078	0.0955	0.0231	3.637e-05	+++	0.0	0.390	2	0.8229	10708	5	81146127
rs9955990	chr18:34880651_A_G	a	g	0.9140	0.0030	0.9054	0.9152	0.1000	0.0241	3.395e-05	+++	8.9	2.195	2	0.3337	10708	18	34880651
rs12482657	chr21:33345243_C_T	t	c	0.1002	0.0036	0.0982	0.1068	-0.0926	0.0228	4.985e-05	---	0.0	1.004	2	0.6052	10708	21	33345243
rs72883676	chr18:34889596_A_G	a	g	0.0842	0.0016	0.0837	0.0889	-0.1012	0.0243	3.201e-05	---	2.9	2.059	2	0.3571	10708	18	34889596
rs111337397	chr2:157056766_A_G	a	g	0.0128	0.0009	0.0104	0.0132	0.2762	0.0617	7.652e-06	+++	22.4	2.579	2	0.2754	10708	2	157056766
rs55994645	chr18:34898307_C_T	t	c	0.0748	0.0015	0.0732	0.0789	-0.1071	0.0257	3.125e-05	---	0.0	1.969	2	0.3736	10708	18	34898307
rs11574558	chr16:29677841_A_T	a	t	0.2711	0.0057	0.2689	0.2881	-0.0668	0.0160	2.916e-05	---	41.6	3.426	2	0.1803	10708	16	29677841
rs78655615	chr8:16987420_G_T	t	g	0.0589	0.0026	0.0560	0.0660	0.1227	0.0294	3.035e-05	+-+	17.2	2.415	2	0.299	10708	8	16987420
rs72647456	chr4:76465457_C_T	t	c	0.0263	0.0015	0.0212	0.0274	0.1786	0.0430	3.265e-05	+++	30.6	2.884	2	0.2365	10708	4	76465457
rs723930	chr11:32014174_C_T	t	c	0.0668	0.0032	0.0652	0.0759	-0.1120	0.0271	3.668e-05	---	0.0	1.511	2	0.4698	10708	11	32014174
rs5835665	chr2:158196018_D_I	d	i	0.1835	0.0030	0.1784	0.1921	0.0975	0.0229	2.009e-05	+++	63.8	5.522	2	0.06323	10708	2	158196018
rs7127507	chr11:27714884_C_T	t	c	0.6751	0.0029	0.6737	0.6824	-0.0660	0.0143	3.959e-06	---	0.0	0.116	2	0.9436	10708	11	27714884
rs12206841	chr6:92954264_A_G	a	g	0.1194	0.0003	0.1193	0.1202	0.0882	0.0209	2.494e-05	+++	50.3	4.022	2	0.1338	10708	6	92954264
rs76158727	chr1:161598592_C_G	c	g	0.3451	0.0055	0.3426	0.3572	-0.0612	0.0148	3.65e-05	-+-	59.0	4.874	2	0.08742	10708	1	161598592
rs2921552	chr19:48104647_A_T	a	t	0.7408	0.0081	0.7165	0.7453	-0.0661	0.0156	2.383e-05	---	0.0	1.261	2	0.5323	10708	19	48104647
rs73041678	chr19:48114188_C_T	t	c	0.1203	0.0062	0.1059	0.1333	0.0906	0.0210	1.636e-05	+++	0.0	1.643	2	0.4399	10708	19	48114188
rs7846698	chr8:137589780_A_T	a	t	0.0437	0.0047	0.0420	0.0579	-0.1408	0.0347	4.933e-05	---	0.0	0.764	2	0.6824	10708	8	137589780
rs140788045	chr15:92535841_A_G	a	g	0.0219	0.0012	0.0186	0.0224	0.1945	0.0477	4.48e-05	+++	0.0	1.736	2	0.4198	10708	15	92535841
rs349810	chr4:132870368_A_G	a	g	0.6582	0.0025	0.6513	0.6617	-0.0673	0.0157	1.791e-05	-+-	15.9	2.378	2	0.3045	10708	4	132870368
rs8058113	chr16:78428548_A_G	a	g	0.0411	0.0035	0.0342	0.0488	0.1390	0.0341	4.516e-05	+++	0.0	0.134	2	0.9352	10708	16	78428548
rs34096804	chr6:92942867_C_T	t	c	0.8806	0.0006	0.8790	0.8811	-0.0889	0.0209	2.148e-05	---	41.0	3.387	2	0.1839	10708	6	92942867
rs10054401	chr5:164219230_A_G	a	g	0.6482	0.0014	0.6440	0.6490	-0.0724	0.0153	2.356e-06	---	0.0	0.554	2	0.758	10708	5	164219230
rs10503295	chr8:4815873_A_G	a	g	0.6370	0.0054	0.6267	0.6499	-0.0580	0.0142	4.353e-05	---	0.0	0.245	2	0.8849	10708	8	4815873
rs75731011	chr20:22072733_C_T	t	c	0.0465	0.0034	0.0451	0.0557	0.1542	0.0328	2.519e-06	+++	0.0	1.726	2	0.4218	10708	20	22072733
rs186640661	chr2:221687970_A_G	a	g	0.0211	0.0025	0.0174	0.0278	-0.2196	0.0539	4.607e-05	---	64.3	5.595	2	0.06097	10708	2	221687970
rs6946077	chr7:132311102_C_T	t	c	0.8585	0.0033	0.8560	0.8688	-0.0794	0.0194	4.131e-05	---	0.0	0.267	2	0.875	10708	7	132311102
rs117338818	chr21:22440446_C_T	t	c	0.9672	0.0012	0.9663	0.9709	0.1713	0.0395	1.438e-05	+++	60.2	5.024	2	0.0811	10708	21	22440446
rs7192844	chr16:78431220_C_T	t	c	0.0419	0.0035	0.0351	0.0498	0.1387	0.0337	3.801e-05	+++	0.0	0.075	2	0.9633	10708	16	78431220
rs10514222	chr5:81131428_A_G	a	g	0.9037	0.0034	0.8960	0.9096	-0.1075	0.0230	2.845e-06	---	0.0	0.808	2	0.6675	10708	5	81131428
rs117645457	chr16:12505621_A_G	a	g	0.0485	0.0002	0.0480	0.0489	0.1295	0.0316	4.269e-05	+++	0.0	1.148	2	0.5634	10708	16	12505621
rs374122294	chr10:111555555_C_T	t	c	0.4917	0.0022	0.4881	0.4973	0.0617	0.0144	1.731e-05	+++	0.0	1.803	2	0.406	10708	10	111555555
11:196592_A_C	chr11:196592_A_C	a	c	0.8732	0.0038	0.8632	0.8775	-0.0903	0.0219	3.911e-05	---	0.0	0.664	2	0.7176	10708	11	196592
rs117059829	chr12:107305449_C_G	c	g	0.0227	0.0007	0.0209	0.0240	-0.2055	0.0472	1.358e-05	---	53.7	4.324	2	0.1151	10708	12	107305449
rs567836784	chr5:77242831_D_I	d	i	0.0110	0.0006	0.0098	0.0126	0.2828	0.0695	4.734e-05	+++	0.0	1.371	2	0.504	10708	5	77242831
rs200116942	chr1:161598692_A_G	a	g	0.3334	0.0051	0.3312	0.3478	-0.0618	0.0149	3.275e-05	-+-	73.5	7.539	2	0.02307	10708	1	161598692
rs12929982	chr16:29692849_A_G	a	g	0.2549	0.0087	0.2517	0.2807	-0.0702	0.0162	1.482e-05	---	66.0	5.886	2	0.05271	10708	16	29692849
rs11030112	chr11:27705188_A_G	a	g	0.3121	0.0039	0.3018	0.3154	0.0650	0.0144	6.752e-06	+++	0.0	0.378	2	0.8278	10708	11	27705188
rs72883696	chr18:34901677_A_G	a	g	0.0745	0.0015	0.0731	0.0789	-0.1087	0.0258	2.469e-05	---	0.0	1.546	2	0.4616	10708	18	34901677
rs9634590	chr13:110562150_C_G	c	g	0.7940	0.0037	0.7922	0.8034	0.0703	0.0167	2.582e-05	+++	0.0	0.690	2	0.7084	10708	13	110562150
rs62523275	chr8:137602428_A_G	a	g	0.9719	0.0030	0.9628	0.9731	0.1856	0.0428	1.419e-05	++-	26.4	2.717	2	0.257	10708	8	137602428
rs113395170	chr3:23959881_A_G	a	g	0.0184	0.0003	0.0174	0.0185	0.2390	0.0526	5.557e-06	+++	0.0	0.570	2	0.7522	10708	3	23959881
rs112057260	chr10:81170266_A_G	a	g	0.0126	0.0009	0.0117	0.0152	0.2939	0.0642	4.691e-06	+++	0.0	0.046	2	0.9774	10708	10	81170266
rs114407711	chr2:220397325_A_G	a	g	0.0113	0.0006	0.0108	0.0130	0.3094	0.0699	9.729e-06	+++	58.1	4.770	2	0.09211	10708	2	220397325
rs4770340	chr13:23502042_C_T	t	c	0.3125	0.0074	0.2921	0.3159	-0.0648	0.0149	1.422e-05	---	0.0	1.296	2	0.5231	10708	13	23502042
rs147519307	chr15:91806495_D_I	d	i	0.7635	0.0012	0.7605	0.7641	0.0686	0.0165	3.368e-05	+++	15.7	2.373	2	0.3053	10708	15	91806495
rs8059996	chr16:78428569_A_T	a	t	0.9590	0.0032	0.9521	0.9658	-0.1401	0.0341	4.05e-05	---	0.0	0.165	2	0.9206	10708	16	78428569
rs72774916	chr5:81115839_C_T	t	c	0.0966	0.0033	0.0912	0.1043	0.1064	0.0229	3.392e-06	+++	0.0	0.985	2	0.611	10708	5	81115839
rs7153173	chr14:97143669_A_G	a	g	0.0183	0.0025	0.0116	0.0225	0.2149	0.0518	3.355e-05	+++	0.0	0.908	2	0.6349	10708	14	97143669
rs56272813	chr5:81131073_A_G	a	g	0.9038	0.0035	0.8960	0.9101	-0.1072	0.0230	3.029e-06	---	0.0	0.836	2	0.6585	10708	5	81131073
rs561221474	chr8:117973655_A_G	a	g	0.9869	0.0010	0.9864	0.9896	0.2979	0.0724	3.906e-05	+++	0.0	0.512	2	0.7743	10708	8	117973655
rs1333984	chr13:110562658_A_G	a	g	0.2060	0.0038	0.1966	0.2078	-0.0704	0.0167	2.511e-05	---	0.0	0.702	2	0.7041	10708	13	110562658
rs199777523	chr6:16526029_D_I	d	i	0.0216	0.0010	0.0212	0.0238	0.2023	0.0483	2.845e-05	+++	0.0	0.143	2	0.9308	10708	6	16526029
rs79390157	chr11:128136311_C_G	c	g	0.0334	0.0012	0.0304	0.0340	-0.1537	0.0379	4.951e-05	--+	48.2	3.861	2	0.1451	10708	11	128136311
rs113895609	chr19:23463911_A_T	a	t	0.0726	0.0061	0.0673	0.0895	-0.1143	0.0269	2.205e-05	---	0.0	0.327	2	0.8492	10708	19	23463911
rs72730313	chr8:137617398_C_T	t	c	0.0448	0.0057	0.0428	0.0613	-0.1451	0.0341	2.129e-05	---	38.3	3.244	2	0.1975	10708	8	137617398
rs1013402	chr11:27712381_A_G	a	g	0.6882	0.0033	0.6869	0.6972	-0.0643	0.0144	8.296e-06	---	0.0	0.303	2	0.8596	10708	11	27712381
rs184378587	chr10:51999739_G_T	t	g	0.9470	0.0043	0.9378	0.9494	-0.1583	0.0357	9.164e-06	---	45.9	3.696	2	0.1576	10708	10	51999739
rs184421736	chr10:127189322_C_T	t	c	0.0127	0.0013	0.0120	0.0165	0.2662	0.0631	2.423e-05	+++	0.0	0.139	2	0.933	10708	10	127189322
rs3904670	chr1:101111633_C_G	c	g	0.9414	0.0011	0.9391	0.9447	-0.1315	0.0302	1.343e-05	---	0.0	1.352	2	0.5088	10708	1	101111633
rs422209	chr13:110558938_C_G	c	g	0.2059	0.0037	0.1966	0.2077	-0.0710	0.0167	2.19e-05	---	0.0	0.731	2	0.6938	10708	13	110558938
rs9409792	chr9:97269437_C_T	t	c	0.3757	0.0035	0.3688	0.3837	-0.0586	0.0141	3.069e-05	---	21.8	2.557	2	0.2785	10708	9	97269437
rs56121642	chr5:81142221_A_G	a	g	0.9030	0.0036	0.8951	0.9097	-0.1028	0.0230	7.637e-06	---	0.0	1.031	2	0.5973	10708	5	81142221
rs4632142	chr16:78426211_C_G	c	g	0.9580	0.0033	0.9504	0.9641	-0.1438	0.0338	2.138e-05	---	0.0	0.134	2	0.935	10708	16	78426211
rs28722151	chr11:27681176_C_G	c	g	0.6595	0.0077	0.6563	0.6821	0.0736	0.0160	4.192e-06	+++	41.5	3.418	2	0.1811	10708	11	27681176
rs74668641	chr6:92944944_A_C	a	c	0.1194	0.0006	0.1189	0.1210	0.0890	0.0209	2.087e-05	+++	42.4	3.475	2	0.176	10708	6	92944944
rs112067313	chr18:34880167_D_I	d	i	0.0879	0.0048	0.0853	0.0971	-0.0976	0.0240	4.954e-05	---	0.0	1.446	2	0.4854	10708	18	34880167
rs114051703	chr2:229982288_C_T	t	c	0.0105	0.0005	0.0091	0.0107	-0.3141	0.0762	3.788e-05	--+	22.6	2.584	2	0.2747	10708	2	229982288
rs12435870	chr14:97079926_A_G	a	g	0.0169	0.0031	0.0113	0.0240	0.2397	0.0544	1.031e-05	+++	0.0	0.230	2	0.8912	10708	14	97079926
rs200975877	chr9:97089498_G_T	t	g	0.3872	0.0036	0.3790	0.3941	-0.0572	0.0140	4.277e-05	---	38.2	3.237	2	0.1982	10708	9	97089498
rs549346326	chr13:23474313_C_G	c	g	0.3067	0.0101	0.2818	0.3115	-0.0679	0.0156	1.377e-05	---	0.0	0.228	2	0.8924	10708	13	23474313
rs71323309	chr21:33341514_A_C	a	c	0.1004	0.0039	0.0983	0.1084	-0.0931	0.0228	4.339e-05	---	0.0	1.078	2	0.5833	10708	21	33341514
rs1951604	chr14:81970830_A_T	a	t	0.8255	0.0034	0.8186	0.8273	0.0795	0.0194	4.258e-05	++-	20.9	2.530	2	0.2823	10708	14	81970830
rs72883691	chr18:34899940_A_G	a	g	0.0745	0.0015	0.0728	0.0788	-0.1065	0.0258	3.577e-05	---	0.0	1.722	2	0.4228	10708	18	34899940
rs72796086	chr16:78421841_C_G	c	g	0.0421	0.0035	0.0362	0.0503	0.1450	0.0338	1.772e-05	+++	0.0	0.199	2	0.9051	10708	16	78421841
rs72796027	chr16:78403485_A_T	a	t	0.0444	0.0037	0.0364	0.0524	0.1362	0.0331	3.78e-05	+++	0.0	0.080	2	0.9609	10708	16	78403485
rs4047665	chr1:161612378_G_T	t	g	0.1662	0.0029	0.1649	0.1731	-0.0983	0.0220	8.16e-06	---	0.0	0.190	2	0.9093	10708	1	161612378
rs61814872	chr1:167113055_C_T	t	c	0.1097	0.0027	0.1029	0.1110	0.0916	0.0217	2.507e-05	+++	0.0	0.591	2	0.7441	10708	1	167113055
rs61814871	chr1:167112804_A_G	a	g	0.1182	0.0035	0.1109	0.1200	0.0921	0.0211	1.267e-05	+++	0.0	0.294	2	0.8631	10708	1	167112804
rs143414401	chr2:33544143_C_T	t	c	0.0115	0.0018	0.0104	0.0153	-0.2781	0.0668	3.093e-05	---	0.0	0.833	2	0.6594	10708	2	33544143
rs619208	chr11:126942485_A_G	a	g	0.5273	0.0042	0.5165	0.5291	0.0566	0.0136	3.295e-05	+++	79.0	9.514	2	0.008591	10708	11	126942485
rs2986848	chr9:97189864_C_T	t	c	0.4166	0.0083	0.4093	0.4405	-0.0580	0.0143	4.923e-05	---	49.6	3.972	2	0.1373	10708	9	97189864
rs9409793	chr9:97271155_C_G	c	g	0.3757	0.0034	0.3689	0.3834	-0.0589	0.0141	2.965e-05	---	20.8	2.525	2	0.2829	10708	9	97271155
rs11743130	chr5:135559645_A_G	a	g	0.0701	0.0021	0.0676	0.0756	-0.1091	0.0268	4.767e-05	-+-	60.4	5.049	2	0.08011	10708	5	135559645
rs77136886	chr16:78425511_A_G	a	g	0.0410	0.0034	0.0342	0.0483	0.1405	0.0342	4.083e-05	+++	0.0	0.188	2	0.9104	10708	16	78425511
rs111845678	chr1:161606064_A_T	a	t	0.8356	0.0045	0.8246	0.8377	0.1015	0.0222	5.04e-06	+++	45.3	3.658	2	0.1605	10708	1	161606064
rs200366907	chr22:43083698_D_I	d	i	0.1932	0.0031	0.1896	0.2017	-0.0779	0.0179	1.303e-05	---	0.0	0.759	2	0.6841	10708	22	43083698
rs148219261	chr4:106214312_A_G	a	g	0.0129	0.0011	0.0089	0.0132	0.2691	0.0645	3.038e-05	+++	44.2	3.585	2	0.1665	10708	4	106214312
rs78836820	chr4:109009176_G_T	t	g	0.0950	0.0084	0.0919	0.1191	-0.0963	0.0237	4.97e-05	---	50.3	4.021	2	0.134	10708	4	109009176
rs72744229	chr9:108046974_C_G	c	g	0.9512	0.0037	0.9405	0.9570	0.1369	0.0325	2.488e-05	+++	0.0	0.196	2	0.9068	10708	9	108046974
rs10739615	chr9:101040915_A_G	a	g	0.6405	0.0040	0.6386	0.6516	0.0597	0.0141	2.175e-05	+++	0.0	1.189	2	0.5517	10708	9	101040915
rs116948478	chr15:32581691_A_T	a	t	0.3729	0.0026	0.3718	0.3801	-0.0822	0.0189	1.411e-05	---	0.0	0.919	2	0.6315	10708	15	32581691
rs4374930	chr7:132313468_C_T	t	c	0.1536	0.0030	0.1442	0.1547	0.0807	0.0187	1.655e-05	+++	0.0	0.116	2	0.9437	10708	7	132313468
rs72883685	chr18:34894782_A_G	a	g	0.0744	0.0011	0.0727	0.0775	-0.1090	0.0258	2.402e-05	---	0.0	1.698	2	0.4278	10708	18	34894782
rs371953726	chr10:111555571_D_I	d	i	0.4911	0.0024	0.4877	0.4976	0.0632	0.0144	1.064e-05	+++	0.0	1.685	2	0.4307	10708	10	111555571
rs72713837	chr1:162042460_C_T	t	c	0.9811	0.0010	0.9785	0.9842	0.2169	0.0525	3.552e-05	+-+	27.2	2.747	2	0.2532	10708	1	162042460
rs6442951	chr3:5536686_C_T	t	c	0.3778	0.0037	0.3764	0.3893	0.0616	0.0150	4.031e-05	+++	0.0	0.659	2	0.7194	10708	3	5536686
rs57353051	chr6:21160830_D_I	d	i	0.2698	0.0045	0.2582	0.2718	0.0650	0.0159	4.17e-05	++-	20.2	2.507	2	0.2855	10708	6	21160830
rs142096535	chr4:132868957_D_I	d	i	0.2547	0.0074	0.2510	0.2702	0.0720	0.0170	2.156e-05	+-+	57.7	4.730	2	0.09396	10708	4	132868957
rs995213	chr9:101060465_A_G	a	g	0.6391	0.0031	0.6376	0.6475	0.0576	0.0141	4.451e-05	+++	0.0	0.665	2	0.7171	10708	9	101060465
rs58946606	chr18:34879309_C_T	t	c	0.9145	0.0027	0.9069	0.9156	0.0983	0.0242	4.911e-05	+-+	24.9	2.663	2	0.264	10708	18	34879309
rs142216957	chr4:132872810_D_I	d	i	0.6641	0.0043	0.6519	0.6677	-0.0782	0.0158	7.135e-07	-+-	40.1	3.340	2	0.1882	10708	4	132872810
rs2913996	chr19:48116694_C_T	t	c	0.2457	0.0050	0.2379	0.2590	0.0652	0.0158	3.553e-05	+-+	0.0	1.898	2	0.3871	10708	19	48116694
rs36006682	chr4:132808152_D_I	d	i	0.3622	0.0027	0.3566	0.3689	0.0670	0.0156	1.768e-05	+++	0.0	0.756	2	0.6851	10708	4	132808152
rs7151969	chr14:97143227_C_T	t	c	0.0180	0.0023	0.0116	0.0217	0.2121	0.0521	4.7e-05	+++	0.0	0.790	2	0.6737	10708	14	97143227
rs200789925	chr1:161599975_A_G	a	g	0.4094	0.0018	0.4087	0.4148	-0.0609	0.0144	2.391e-05	---	63.5	5.478	2	0.06464	10708	1	161599975
rs45591543	chr14:90043341_C_T	t	c	0.0147	0.0006	0.0124	0.0159	-0.2509	0.0588	2.021e-05	---	0.0	1.204	2	0.5478	10708	14	90043341
rs143378241	chr4:124356912_C_T	t	c	0.0710	0.0021	0.0682	0.0763	0.1110	0.0272	4.472e-05	+++	14.4	2.336	2	0.311	10708	4	124356912
rs56284858	chr6:89852667_A_G	a	g	0.0227	0.0038	0.0211	0.0324	0.1993	0.0483	3.715e-05	+++	0.0	1.419	2	0.4919	10708	6	89852667
rs78789784	chr16:78422505_C_T	t	c	0.0422	0.0035	0.0360	0.0504	0.1443	0.0338	1.966e-05	+++	0.0	0.148	2	0.9288	10708	16	78422505
rs56280896	chr16:85603840_A_G	a	g	0.4512	0.0029	0.4433	0.4526	-0.0582	0.0143	4.435e-05	---	0.0	0.798	2	0.6708	10708	16	85603840
rs17811886	chr20:18985664_A_G	a	g	0.9150	0.0016	0.9115	0.9158	-0.1040	0.0249	3.043e-05	---	0.0	0.888	2	0.6414	10708	20	18985664
rs12151015	chr19:48101797_C_G	c	g	0.8821	0.0042	0.8707	0.8889	-0.0917	0.0214	1.819e-05	---	0.0	0.540	2	0.7635	10708	19	48101797
rs145934545	chr9:97098344_C_T	t	c	0.6098	0.0048	0.5982	0.6185	0.0569	0.0140	4.669e-05	+++	47.0	3.772	2	0.1517	10708	9	97098344
rs2974238	chr19:48117061_A_G	a	g	0.7527	0.0049	0.7400	0.7607	-0.0656	0.0158	3.138e-05	-+-	12.9	2.296	2	0.3173	10708	19	48117061
rs118006128	chr19:6165010_A_G	a	g	0.0106	0.0009	0.0100	0.0132	-0.2728	0.0666	4.219e-05	---	19.2	2.474	2	0.2902	10708	19	6165010
rs192103400	chr5:105491343_A_G	a	g	0.9900	0.0022	0.9859	0.9912	-0.4066	0.0956	2.123e-05	--?	0.0	0.001	1	0.9809	9376	5	105491343
X:135049327_G_A	chr23:135049327_A_G	a	g	0.1364	0.0063	0.1221	0.1493	-0.0684	0.0164	3.184e-05	-+-	60.8	5.103	2	0.07795	10708	23	135049327
X:135039716_C_A	chr23:135039716_A_C	a	c	0.1365	0.0061	0.1216	0.1484	-0.0681	0.0165	3.449e-05	-+-	63.0	5.403	2	0.06712	10708	23	135039716
X:135060570_A_G	chr23:135060570_A_G	a	g	0.1663	0.0083	0.1499	0.1850	-0.0623	0.0152	4.098e-05	-+-	31.7	2.929	2	0.2312	10708	23	135060570
X:135037966_A_C	chr23:135037966_A_C	a	c	0.8635	0.0061	0.8516	0.8784	0.0681	0.0165	3.488e-05	+-+	63.0	5.408	2	0.06694	10708	23	135037966
X:135059988_A_G	chr23:135059988_A_G	a	g	0.8643	0.0068	0.8503	0.8796	0.0699	0.0166	2.409e-05	+-+	56.9	4.636	2	0.09848	10708	23	135059988
X:135046818_C_T	chr23:135046818_C_T	t	c	0.1364	0.0064	0.1214	0.1493	-0.0679	0.0164	3.611e-05	-+-	61.7	5.216	2	0.0737	10708	23	135046818
X:135033360_T_C	chr23:135033360_C_T	t	c	0.8635	0.0061	0.8515	0.8783	0.0676	0.0165	4.03e-05	+-+	63.0	5.409	2	0.06692	10708	23	135033360
X:135062133_C_T	chr23:135062133_C_T	t	c	0.8337	0.0083	0.8152	0.8503	0.0629	0.0152	3.602e-05	+-+	31.2	2.906	2	0.2338	10708	23	135062133
X:135057768_A_G	chr23:135057768_A_G	a	g	0.8642	0.0067	0.8508	0.8800	0.0694	0.0166	2.787e-05	+-+	56.9	4.637	2	0.09843	10708	23	135057768
X:135060597_G_T	chr23:135060597_G_T	t	g	0.8336	0.0083	0.8150	0.8501	0.0623	0.0152	4.123e-05	+-+	31.6	2.925	2	0.2317	10708	23	135060597
rs6635201	chr23:135055694_C_T	t	c	0.1672	0.0078	0.1516	0.1848	-0.0610	0.0150	4.999e-05	-+-	41.5	3.417	2	0.1811	10708	23	135055694
X:140790316_C_T	chr23:140790316_C_T	t	c	0.0291	0.0002	0.0285	0.0292	-0.1571	0.0385	4.454e-05	--?	0.0	0.383	1	0.5362	9376	23	140790316
X:135058162_T_A	chr23:135058162_A_T	a	t	0.8628	0.0072	0.8468	0.8777	0.0688	0.0165	3.14e-05	+-+	57.9	4.752	2	0.09292	10708	23	135058162
