SNP	MarkerName	A1	A2	Freq1	FreqSE	MinFreq	MaxFreq	BETA	SE	P	Direction	HetISq	HetChiSq	HetDf	HetPVal	TotalSampleSize	CHR	BP
rs2300430	chr1:196655713_C_T	t	c	0.3910	0.0015	0.3872	0.3931	-0.0794	0.0138	7.997e-09	---	0.0	0.680	2	0.7116	10708	1	196655713
rs1909130	chr1:196773809_G_T	t	g	0.2605	0.0044	0.2507	0.2692	0.0669	0.0164	4.49e-05	+++	72.8	7.356	2	0.02528	10708	1	196773809
rs10801558	chr1:196699044_G_T	t	g	0.5932	0.0031	0.5917	0.6017	-0.0721	0.0138	1.711e-07	---	0.0	1.154	2	0.5617	10708	1	196699044
rs206769	chr6:32961104_C_T	t	c	0.2031	0.0037	0.1919	0.2046	0.0769	0.0168	4.703e-06	+++	0.0	0.890	2	0.6407	10708	6	32961104
rs281860801	chr6:32634679_A_G	a	g	0.7524	0.0218	0.7461	0.8369	0.0769	0.0188	4.288e-05	+++	3.1	2.065	2	0.3561	10708	6	32634679
rs4750930	chr10:129823904_C_T	t	c	0.0168	0.0016	0.0159	0.0199	0.2192	0.0540	4.979e-05	+++	0.0	0.342	2	0.8428	10708	10	129823904
rs1007427	chr14:87974834_C_T	t	c	0.1074	0.0009	0.1056	0.1079	0.0889	0.0219	4.878e-05	+++	0.0	0.312	2	0.8554	10708	14	87974834
rs75276070	chr7:118786791_A_G	a	g	0.0257	0.0018	0.0251	0.0308	-0.2292	0.0478	1.588e-06	--?	0.0	0.701	1	0.4026	9376	7	118786791
rs28537482	chr1:196777487_C_G	c	g	0.2602	0.0045	0.2521	0.2705	0.0732	0.0164	7.596e-06	+++	73.8	7.640	2	0.02193	10708	1	196777487
rs375046	chr1:196705926_A_C	a	c	0.5692	0.0023	0.5638	0.5735	0.0668	0.0136	8.655e-07	+++	0.0	1.889	2	0.3889	10708	1	196705926
rs438781	chr1:196796240_A_T	a	t	0.4241	0.0060	0.4104	0.4359	0.0611	0.0145	2.354e-05	+++	79.4	9.724	2	0.007735	10708	1	196796240
rs61822230	chr1:196774745_A_G	a	g	0.2976	0.0031	0.2963	0.3055	0.0727	0.0164	8.966e-06	+++	69.9	6.635	2	0.03624	10708	1	196774745
rs364455	chr1:196803555_G_T	t	g	0.4222	0.0062	0.4076	0.4338	0.0610	0.0145	2.556e-05	+++	77.4	8.846	2	0.012	10708	1	196803555
rs73072110	chr4:467896_C_G	c	g	0.0382	0.0006	0.0368	0.0390	0.1494	0.0360	3.255e-05	+++	0.0	0.088	2	0.957	10708	4	467896
rs2406506	chr16:59844467_A_G	a	g	0.3705	0.0050	0.3650	0.3851	0.0599	0.0140	1.863e-05	+++	0.0	1.171	2	0.5568	10708	16	59844467
rs4795434	chr17:26716917_G_T	t	g	0.5155	0.0056	0.5117	0.5322	0.0571	0.0136	2.523e-05	++-	46.7	3.752	2	0.1532	10708	17	26716917
rs77538072	chr4:475428_A_G	a	g	0.0309	0.0017	0.0298	0.0356	0.1691	0.0397	2.087e-05	+++	0.0	1.264	2	0.5315	10708	4	475428
rs59666733	chr1:196786604_D_I	d	i	0.4217	0.0054	0.4099	0.4324	0.0616	0.0145	2.147e-05	+++	77.8	9.010	2	0.01105	10708	1	196786604
rs10801557	chr1:196669581_C_T	t	c	0.6086	0.0016	0.6061	0.6124	0.0798	0.0138	6.881e-09	+++	0.0	0.664	2	0.7175	10708	1	196669581
rs579745	chr1:196664576_A_C	a	c	0.3902	0.0016	0.3862	0.3925	-0.0794	0.0138	8.093e-09	---	0.0	0.802	2	0.6698	10708	1	196664576
rs34358403	chr1:196964478_D_I	d	i	0.5202	0.0065	0.5168	0.5358	-0.0672	0.0136	8.32e-07	---	71.5	7.030	2	0.02975	10708	1	196964478
rs543072099	chr15:38276497_D_I	d	i	0.0462	0.0080	0.0424	0.0649	0.1506	0.0344	1.204e-05	+-+	35.1	3.079	2	0.2144	10708	15	38276497
rs61822222	chr1:196752873_C_T	t	c	0.7419	0.0038	0.7333	0.7491	-0.0698	0.0164	2.066e-05	---	65.7	5.830	2	0.0542	10708	1	196752873
rs10820550	chr9:106552079_A_T	a	t	0.8452	0.0006	0.8433	0.8456	0.0781	0.0186	2.722e-05	+++	0.0	0.663	2	0.7177	10708	9	106552079
rs76660476	chr7:118677765_C_T	t	c	0.0206	0.0003	0.0205	0.0216	-0.2201	0.0520	2.325e-05	--?	0.0	0.273	1	0.6011	9376	7	118677765
rs1093251	chr7:55524402_A_G	a	g	0.3105	0.0060	0.3073	0.3241	-0.0635	0.0148	1.738e-05	---	21.8	2.556	2	0.2786	10708	7	55524402
rs10922105	chr1:196690250_A_C	a	c	0.5937	0.0031	0.5923	0.6025	-0.0728	0.0138	1.283e-07	---	0.0	1.227	2	0.5416	10708	1	196690250
rs425757	chr1:196797238_C_T	t	c	0.3846	0.0055	0.3740	0.3964	0.0624	0.0154	4.907e-05	+++	58.3	4.792	2	0.09107	10708	1	196797238
rs568178	chr1:196754908_C_T	t	c	0.5028	0.0035	0.4954	0.5046	-0.0605	0.0143	2.417e-05	---	70.5	6.779	2	0.03373	10708	1	196754908
rs529825	chr1:196635106_A_G	a	g	0.2290	0.0062	0.2204	0.2443	0.0657	0.0161	4.489e-05	+++	66.4	5.960	2	0.0508	10708	1	196635106
rs113133208	chr16:23980918_A_G	a	g	0.0131	0.0021	0.0123	0.0188	-0.2622	0.0640	4.174e-05	---	0.0	1.125	2	0.5698	10708	16	23980918
rs708100	chr17:26688663_A_G	a	g	0.5150	0.0059	0.5107	0.5325	0.0561	0.0135	3.487e-05	++-	46.1	3.713	2	0.1562	10708	17	26688663
rs12030125	chr1:61819078_G_T	t	g	0.1946	0.0034	0.1839	0.1959	-0.0717	0.0170	2.526e-05	---	0.0	1.611	2	0.4469	10708	1	61819078
rs409549	chr1:196794909_C_G	c	g	0.4229	0.0060	0.4098	0.4351	0.0614	0.0145	2.205e-05	+++	78.6	9.352	2	0.009315	10708	1	196794909
rs1963607	chr1:196822959_A_C	a	c	0.5281	0.0061	0.5098	0.5343	0.0643	0.0134	1.725e-06	+++	52.4	4.203	2	0.1223	10708	1	196822959
rs6428357	chr1:196675571_A_G	a	g	0.4311	0.0021	0.4261	0.4338	-0.0683	0.0136	4.719e-07	---	0.0	1.845	2	0.3975	10708	1	196675571
rs142142319	chr13:45609202_C_T	t	c	0.0214	0.0024	0.0202	0.0276	0.1917	0.0471	4.711e-05	+++	0.0	0.485	2	0.7847	10708	13	45609202
rs11585901	chr1:165009175_G_T	t	g	0.3075	0.0017	0.3067	0.3120	-0.0668	0.0146	4.564e-06	---	15.3	2.362	2	0.3069	10708	1	165009175
rs4520444	chr1:197141988_G_T	t	g	0.3120	0.0087	0.3038	0.3375	-0.0614	0.0146	2.575e-05	---	19.4	2.482	2	0.2892	10708	1	197141988
rs10922125	chr1:196765519_A_G	a	g	0.5142	0.0049	0.5041	0.5169	-0.0614	0.0144	2.111e-05	---	70.9	6.884	2	0.032	10708	1	196765519
rs200152745	chr13:62027262_D_I	d	i	0.0358	0.0008	0.0350	0.0383	0.1697	0.0392	1.534e-05	+++	0.0	1.175	2	0.5556	10708	13	62027262
rs200651178	chr1:196997434_D_I	d	i	0.6842	0.0073	0.6633	0.6905	0.0602	0.0146	3.698e-05	+++	34.3	3.044	2	0.2183	10708	1	196997434
rs138860859	chr4:479498_C_T	t	c	0.0304	0.0014	0.0297	0.0344	0.1666	0.0400	3.119e-05	+++	0.0	1.374	2	0.5032	10708	4	479498
rs11840919	chr13:45611646_C_G	c	g	0.9785	0.0026	0.9719	0.9798	-0.1941	0.0471	3.709e-05	---	0.0	0.644	2	0.7248	10708	13	45611646
rs414539	chr1:196701569_C_T	t	c	0.4298	0.0019	0.4253	0.4329	-0.0680	0.0136	5.25e-07	---	7.6	2.166	2	0.3386	10708	1	196701569
rs3766405	chr1:196695161_C_T	t	c	0.4068	0.0033	0.3973	0.4083	0.0720	0.0138	1.788e-07	+++	0.0	1.284	2	0.5263	10708	1	196695161
rs3093692	chr17:26670627_A_G	a	g	0.5150	0.0061	0.5105	0.5332	0.0560	0.0136	3.649e-05	++-	44.6	3.612	2	0.1643	10708	17	26670627
rs408442	chr1:196795291_A_G	a	g	0.4237	0.0060	0.4104	0.4355	0.0624	0.0144	1.574e-05	+++	79.5	9.757	2	0.007608	10708	1	196795291
rs11076338	chr16:59780534_A_G	a	g	0.3567	0.0055	0.3490	0.3720	0.0577	0.0142	4.847e-05	+++	0.0	1.618	2	0.4452	10708	16	59780534
rs3949337	chr13:45604889_C_T	t	c	0.9784	0.0028	0.9713	0.9797	-0.1904	0.0469	4.984e-05	---	0.0	0.553	2	0.7584	10708	13	45604889
rs7729814	chr5:108453481_A_G	a	g	0.0315	0.0018	0.0268	0.0324	-0.1631	0.0392	3.217e-05	--+	59.5	4.938	2	0.08466	10708	5	108453481
rs11808491	chr1:196793863_C_T	t	c	0.4223	0.0060	0.4090	0.4344	0.0623	0.0145	1.7e-05	+++	81.8	11.009	2	0.004068	10708	1	196793863
rs7906605	chr10:82346124_A_G	a	g	0.0802	0.0018	0.0793	0.0846	0.1040	0.0249	3.008e-05	+++	13.5	2.311	2	0.3149	10708	10	82346124
rs371546097	chr1:196821393_D_I	d	i	0.5540	0.0065	0.5339	0.5567	0.0646	0.0141	4.939e-06	+++	54.1	4.356	2	0.1133	10708	1	196821393
1:196661730_D_I	chr1:196661730_D_I	d	i	0.3865	0.0010	0.3843	0.3885	-0.0783	0.0139	1.696e-08	---	0.0	0.740	2	0.6906	10708	1	196661730
rs117013518	chr11:87085486_A_G	a	g	0.9883	0.0009	0.9861	0.9888	0.2998	0.0726	3.597e-05	++-	43.5	3.541	2	0.1703	10708	11	87085486
rs2239908	chr17:26725265_A_G	a	g	0.5509	0.0054	0.5489	0.5672	0.0626	0.0136	4.322e-06	++-	52.9	4.245	2	0.1197	10708	17	26725265
rs60508736	chr1:196912313_D_I	d	i	0.4133	0.0029	0.4057	0.4145	0.0635	0.0144	9.794e-06	+++	60.7	5.084	2	0.07871	10708	1	196912313
rs72674527	chr14:21001020_A_T	a	t	0.0261	0.0015	0.0254	0.0303	0.1821	0.0443	3.912e-05	+-+	56.6	4.610	2	0.09976	10708	14	21001020
rs34447338	chr11:2419804_D_I	d	i	0.7883	0.0056	0.7694	0.7904	0.0850	0.0191	8.596e-06	+++	0.0	0.647	2	0.7236	10708	11	2419804
rs117380894	chr22:46144437_A_G	a	g	0.0121	0.0020	0.0087	0.0168	0.2686	0.0636	2.4e-05	+++	69.7	6.602	2	0.03684	10708	22	46144437
rs114092888	chr4:479013_A_G	a	g	0.0305	0.0012	0.0297	0.0339	0.1647	0.0400	3.772e-05	+++	0.0	1.693	2	0.4288	10708	4	479013
rs138657168	chr11:2669428_A_G	a	g	0.0112	0.0017	0.0103	0.0154	0.2900	0.0691	2.705e-05	+++	53.5	4.299	2	0.1165	10708	11	2669428
rs10801556	chr1:196660464_A_G	a	g	0.3913	0.0016	0.3876	0.3938	-0.0797	0.0138	7.063e-09	---	0.0	0.638	2	0.7269	10708	1	196660464
rs203687	chr1:196674270_C_T	t	c	0.5705	0.0021	0.5688	0.5758	0.0682	0.0136	4.939e-07	+++	7.1	2.152	2	0.3409	10708	1	196674270
rs562982262	chr11:2813044_A_G	a	g	0.0131	0.0005	0.0116	0.0137	0.2631	0.0624	2.465e-05	+++	0.0	0.567	2	0.753	10708	11	2813044
rs2878690	chr1:196893553_C_T	t	c	0.5370	0.0035	0.5293	0.5389	0.0621	0.0135	4.093e-06	+++	69.8	6.620	2	0.03652	10708	1	196893553
rs144725778	chr7:139352730_C_T	t	c	0.0889	0.0034	0.0876	0.0990	-0.1094	0.0245	8.201e-06	--+	52.5	4.207	2	0.1221	10708	7	139352730
rs56098469	chr16:59823830_A_T	a	t	0.3054	0.0031	0.2993	0.3126	0.0645	0.0147	1.214e-05	+++	0.0	1.970	2	0.3734	10708	16	59823830
rs10922094	chr1:196661505_C_G	c	g	0.6087	0.0016	0.6062	0.6124	0.0797	0.0138	7.047e-09	+++	0.0	0.638	2	0.727	10708	1	196661505
rs61822193	chr1:196814569_A_G	a	g	0.5352	0.0053	0.5193	0.5402	0.0670	0.0137	1.084e-06	+++	48.1	3.854	2	0.1456	10708	1	196814569
rs11618756	chr13:45595975_A_G	a	g	0.9784	0.0028	0.9713	0.9798	-0.1960	0.0470	3.073e-05	---	0.0	0.868	2	0.648	10708	13	45595975
rs567062557	chr3:162225927_D_I	d	i	0.6848	0.0048	0.6741	0.6935	-0.0615	0.0147	2.775e-05	---	0.0	0.577	2	0.7493	10708	3	162225927
1:196795849_A_G	chr1:196795849_A_G	a	g	0.5764	0.0059	0.5646	0.5896	-0.0619	0.0145	1.824e-05	---	79.3	9.642	2	0.008057	10708	1	196795849
rs10922126	chr1:196765521_A_G	a	g	0.4867	0.0048	0.4841	0.4968	0.0603	0.0144	2.955e-05	+++	69.3	6.518	2	0.03842	10708	1	196765521
rs10117108	chr9:106510943_C_T	t	c	0.8406	0.0009	0.8380	0.8410	0.0757	0.0184	4.054e-05	+++	0.0	0.436	2	0.8041	10708	9	106510943
rs7212349	chr17:26733698_C_T	t	c	0.4488	0.0056	0.4318	0.4508	-0.0626	0.0136	4.303e-06	--+	54.7	4.418	2	0.1098	10708	17	26733698
rs7335692	chr13:45600715_C_G	c	g	0.0215	0.0026	0.0202	0.0280	0.1970	0.0471	2.906e-05	+++	0.0	0.929	2	0.6283	10708	13	45600715
rs10737680	chr1:196679455_A_C	a	c	0.5937	0.0032	0.5922	0.6029	-0.0735	0.0138	9.946e-08	---	0.0	1.217	2	0.5442	10708	1	196679455
rs200973996	chr1:196814541_C_T	t	c	0.4654	0.0052	0.4605	0.4812	-0.0671	0.0138	1.047e-06	---	48.2	3.858	2	0.1453	10708	1	196814541
rs10733086	chr1:196676935_A_T	a	t	0.4311	0.0021	0.4261	0.4343	-0.0686	0.0136	4.167e-07	---	0.0	1.897	2	0.3874	10708	1	196676935
rs17382908	chr20:55268433_A_G	a	g	0.0126	0.0010	0.0116	0.0160	-0.2604	0.0635	4.15e-05	---	0.0	1.307	2	0.5202	10708	20	55268433
rs7545178	chr1:165008035_A_G	a	g	0.6923	0.0017	0.6880	0.6930	0.0664	0.0146	5.172e-06	+++	20.5	2.515	2	0.2843	10708	1	165008035
rs190714834	chr9:24525504_C_T	t	c	0.0176	0.0007	0.0173	0.0197	-0.2513	0.0561	7.476e-06	---	0.0	1.685	2	0.4307	10708	9	24525504
rs74752671	chr14:87913676_G_T	t	g	0.8999	0.0009	0.8995	0.9023	-0.0955	0.0224	2.055e-05	---	0.0	0.495	2	0.7809	10708	14	87913676
rs6505079	chr17:26718177_A_T	a	t	0.5157	0.0057	0.5119	0.5325	0.0564	0.0136	3.187e-05	++-	46.3	3.727	2	0.1551	10708	17	26718177
rs138971014	chr1:196890356_G_T	t	g	0.4607	0.0036	0.4588	0.4681	-0.0609	0.0136	7.131e-06	---	71.2	6.943	2	0.03107	10708	1	196890356
rs143674649	chr8:24246646_A_G	a	g	0.9803	0.0012	0.9772	0.9809	0.2133	0.0517	3.727e-05	+++	62.7	5.358	2	0.06862	10708	8	24246646
rs77171565	chr8:123175751_G_T	t	g	0.0183	0.0012	0.0148	0.0188	-0.2318	0.0522	9.185e-06	---	0.0	0.625	2	0.7316	10708	8	123175751
rs62392609	chr6:2258345_A_C	a	c	0.9891	0.0006	0.9889	0.9909	0.4463	0.0959	3.225e-06	+?+	0.0	0.360	1	0.5487	9682	6	2258345
rs78278761	chr4:476752_G_T	t	g	0.9695	0.0011	0.9662	0.9702	-0.1653	0.0399	3.518e-05	---	0.0	1.610	2	0.447	10708	4	476752
rs57852406	chr10:82345938_C_G	c	g	0.9199	0.0018	0.9154	0.9207	-0.1041	0.0249	2.97e-05	---	13.1	2.302	2	0.3163	10708	10	82345938
rs34755417	chr1:196848566_D_I	d	i	0.4724	0.0026	0.4710	0.4803	-0.0692	0.0135	3.129e-07	---	63.8	5.518	2	0.06337	10708	1	196848566
rs733914	chr17:26671196_C_G	c	g	0.4849	0.0062	0.4665	0.4894	-0.0558	0.0136	3.771e-05	--+	43.6	3.544	2	0.17	10708	17	26671196
rs390679	chr1:196801190_A_C	a	c	0.4235	0.0058	0.4088	0.4334	0.0633	0.0145	1.191e-05	+++	77.8	9.029	2	0.01095	10708	1	196801190
rs3753395	chr1:196686652_A_T	a	t	0.5936	0.0031	0.5922	0.6026	-0.0726	0.0138	1.38e-07	---	0.0	1.277	2	0.5281	10708	1	196686652
rs61818922	chr1:196814955_A_T	a	t	0.5406	0.0055	0.5256	0.5492	0.0607	0.0140	1.467e-05	+++	35.2	3.086	2	0.2137	10708	1	196814955
rs79916997	chr1:201129762_A_T	a	t	0.7745	0.0018	0.7740	0.7803	0.0752	0.0182	3.538e-05	+-+	76.4	8.470	2	0.01448	10708	1	201129762
rs10754204	chr1:196792975_G_T	t	g	0.2560	0.0058	0.2465	0.2697	0.0698	0.0164	2.194e-05	+++	67.9	6.222	2	0.04457	10708	1	196792975
rs10922097	chr1:196664482_C_T	t	c	0.6087	0.0016	0.6062	0.6124	0.0799	0.0138	6.369e-09	+++	0.0	0.625	2	0.7316	10708	1	196664482
rs73486021	chr7:139346463_A_C	a	c	0.9076	0.0070	0.8873	0.9101	0.0976	0.0236	3.425e-05	+++	52.6	4.216	2	0.1215	10708	7	139346463
rs28664709	chr1:196671217_A_G	a	g	0.6078	0.0017	0.6042	0.6113	0.0787	0.0138	1.059e-08	+++	0.0	0.737	2	0.6919	10708	1	196671217
rs1738734	chr1:196797633_G_T	t	g	0.5772	0.0055	0.5678	0.5912	-0.0637	0.0145	1.072e-05	---	78.3	9.223	2	0.009939	10708	1	196797633
rs140607960	chr4:481583_A_G	a	g	0.0306	0.0014	0.0296	0.0346	0.1665	0.0399	3.044e-05	+++	0.0	1.521	2	0.4674	10708	4	481583
rs140103005	chr1:196913197_C_G	c	g	0.6594	0.0007	0.6580	0.6609	-0.0652	0.0152	1.758e-05	---	67.0	6.062	2	0.04828	10708	1	196913197
rs73181572	chr13:45617497_A_G	a	g	0.0215	0.0025	0.0202	0.0279	0.1940	0.0473	4.096e-05	+++	0.0	0.458	2	0.7955	10708	13	45617497
rs61241581	chr1:196679187_D_I	d	i	0.4297	0.0016	0.4264	0.4330	-0.0680	0.0136	5.964e-07	---	4.7	2.099	2	0.3501	10708	1	196679187
rs206766	chr6:32964269_C_T	t	c	0.2158	0.0031	0.2065	0.2171	0.0754	0.0170	9.575e-06	+++	0.0	1.028	2	0.598	10708	6	32964269
rs955350	chr3:963042_C_T	t	c	0.7053	0.0034	0.6967	0.7069	-0.0612	0.0149	4.04e-05	---	0.0	1.859	2	0.3948	10708	3	963042
rs36137052	chr1:196667013_C_T	t	c	0.3913	0.0016	0.3876	0.3938	-0.0798	0.0138	6.609e-09	---	0.0	0.630	2	0.7298	10708	1	196667013
rs815961	chr7:55544724_C_T	t	c	0.3114	0.0059	0.3082	0.3238	-0.0623	0.0146	1.966e-05	---	19.0	2.469	2	0.291	10708	7	55544724
rs199793276	chr14:87957156_D_I	d	i	0.1068	0.0021	0.1011	0.1076	0.0890	0.0219	4.978e-05	+++	0.0	0.584	2	0.7467	10708	14	87957156
rs12266869	chr10:82340499_C_T	t	c	0.9206	0.0019	0.9157	0.9214	-0.1066	0.0250	2.051e-05	---	19.3	2.480	2	0.2894	10708	10	82340499
rs4795435	chr17:26720564_A_G	a	g	0.5510	0.0058	0.5489	0.5682	0.0637	0.0136	2.768e-06	++-	53.2	4.277	2	0.1178	10708	17	26720564
rs454834	chr1:196744599_C_T	t	c	0.4926	0.0049	0.4899	0.5027	0.0603	0.0143	2.62e-05	+++	67.6	6.180	2	0.0455	10708	1	196744599
rs78764019	chr14:46186687_A_T	a	t	0.0348	0.0014	0.0306	0.0365	-0.1665	0.0387	1.715e-05	---	0.0	0.739	2	0.691	10708	14	46186687
rs533534872	chr1:196683831_D_I	d	i	0.6769	0.0030	0.6720	0.6850	-0.0713	0.0156	4.656e-06	---	0.0	0.081	2	0.9601	10708	1	196683831
rs387876	chr1:196791022_C_G	c	g	0.4029	0.0063	0.3856	0.4120	0.0620	0.0149	3.197e-05	+++	78.9	9.466	2	0.008801	10708	1	196791022
rs58763139	chr8:124661661_A_G	a	g	0.9605	0.0019	0.9554	0.9623	-0.1446	0.0347	3.106e-05	---	31.1	2.903	2	0.2342	10708	8	124661661
rs199832529	chr1:196789823_G_T	t	g	0.2670	0.0055	0.2562	0.2790	0.0679	0.0164	3.47e-05	+++	73.2	7.473	2	0.02384	10708	1	196789823
rs2418034	chr9:112442919_C_T	t	c	0.1060	0.0019	0.1043	0.1117	0.1015	0.0221	4.465e-06	+++	0.0	0.667	2	0.7164	10708	9	112442919
rs72270615	chr11:131603426_D_I	d	i	0.0328	0.0014	0.0322	0.0364	-0.1736	0.0428	4.996e-05	---	68.5	6.351	2	0.04177	10708	11	131603426
rs1329428	chr1:196702810_C_T	t	c	0.4065	0.0030	0.3982	0.4080	0.0719	0.0138	1.859e-07	+++	0.0	1.185	2	0.5528	10708	1	196702810
rs1093249	chr7:55530595_C_T	t	c	0.3138	0.0047	0.3113	0.3251	-0.0622	0.0147	2.211e-05	---	7.8	2.169	2	0.3381	10708	7	55530595
rs34144903	chr1:196812817_C_T	t	c	0.5335	0.0050	0.5185	0.5390	0.0612	0.0140	1.24e-05	+++	46.3	3.722	2	0.1555	10708	1	196812817
rs10754199	chr1:196670839_A_G	a	g	0.3919	0.0013	0.3887	0.3924	-0.0750	0.0145	2.075e-07	-?-	0.0	0.044	1	0.8343	9682	1	196670839
rs10111134	chr8:128707859_C_T	t	c	0.5799	0.0061	0.5684	0.5938	-0.0586	0.0139	2.318e-05	---	21.7	2.553	2	0.279	10708	8	128707859
rs378209	chr1:196798179_A_G	a	g	0.4226	0.0056	0.4091	0.4328	0.0626	0.0145	1.533e-05	+++	79.0	9.546	2	0.008455	10708	1	196798179
rs241777	chr17:26633616_C_T	t	c	0.4863	0.0070	0.4653	0.4920	-0.0555	0.0136	4.779e-05	--+	38.4	3.249	2	0.197	10708	17	26633616
rs59932929	chr13:45599999_C_T	t	c	0.9784	0.0028	0.9712	0.9798	-0.1921	0.0470	4.355e-05	---	0.0	0.517	2	0.7722	10708	13	45599999
rs61822227	chr1:196767705_A_C	a	c	0.7383	0.0040	0.7284	0.7440	-0.0703	0.0164	1.827e-05	---	73.9	7.658	2	0.02173	10708	1	196767705
rs6428379	chr1:196937536_C_T	t	c	0.4697	0.0040	0.4676	0.4785	-0.0604	0.0135	7.873e-06	---	66.3	5.926	2	0.05166	10708	1	196937536
rs450200	chr1:196804816_C_T	t	c	0.5781	0.0056	0.5684	0.5921	-0.0627	0.0145	1.493e-05	---	78.7	9.377	2	0.009203	10708	1	196804816
rs12266971	chr10:82346827_A_G	a	g	0.9203	0.0018	0.9158	0.9211	-0.1042	0.0250	3.043e-05	---	24.5	2.649	2	0.266	10708	10	82346827
rs61918514	chr11:93324066_A_T	a	t	0.9852	0.0009	0.9848	0.9882	-0.2315	0.0564	4.097e-05	---	0.0	0.197	2	0.9064	10708	11	93324066
rs203674	chr1:196684625_G_T	t	g	0.5698	0.0016	0.5670	0.5735	0.0681	0.0136	5.188e-07	+++	2.4	2.048	2	0.3591	10708	1	196684625
rs141618605	chr1:208170986_A_G	a	g	0.0187	0.0009	0.0159	0.0190	-0.2372	0.0572	3.342e-05	---	44.0	3.569	2	0.1679	10708	1	208170986
rs79578106	chr4:473183_A_C	a	c	0.0305	0.0012	0.0298	0.0338	0.1640	0.0399	4.048e-05	+++	0.0	1.426	2	0.49	10708	4	473183
rs12871133	chr13:55116281_C_T	t	c	0.0379	0.0014	0.0373	0.0420	-0.1541	0.0368	2.852e-05	---	0.0	1.203	2	0.5479	10708	13	55116281
rs2027993	chr17:26706946_G_T	t	g	0.5197	0.0057	0.5141	0.5361	0.0589	0.0136	1.428e-05	+++	32.0	2.939	2	0.23	10708	17	26706946
rs7514261	chr1:196700914_A_G	a	g	0.4066	0.0031	0.3982	0.4081	0.0725	0.0138	1.462e-07	+++	0.0	1.155	2	0.5613	10708	1	196700914
rs200188058	chr1:196797925_D_I	d	i	0.4226	0.0056	0.4091	0.4328	0.0625	0.0145	1.561e-05	+++	79.1	9.556	2	0.008413	10708	1	196797925
rs12258799	chr10:82343110_A_G	a	g	0.9202	0.0020	0.9152	0.9210	-0.1042	0.0250	2.995e-05	---	11.5	2.259	2	0.3232	10708	10	82343110
rs140980234	chr4:489548_C_T	t	c	0.0304	0.0012	0.0296	0.0338	0.1657	0.0400	3.455e-05	+++	0.0	1.708	2	0.4257	10708	4	489548
rs141467079	chr11:2717391_A_C	a	c	0.0112	0.0023	0.0100	0.0167	0.3024	0.0696	1.389e-05	+++	63.4	5.461	2	0.06517	10708	11	2717391
rs6976890	chr7:51723269_A_G	a	g	0.3894	0.0072	0.3866	0.4081	0.0642	0.0139	3.987e-06	+++	0.0	0.285	2	0.8671	10708	7	51723269
rs201263987	chr1:196671666_D_I	d	i	0.6106	0.0016	0.6066	0.6133	0.0794	0.0138	9.339e-09	+++	0.0	0.878	2	0.6445	10708	1	196671666
rs1410997	chr1:196677163_A_C	a	c	0.5689	0.0021	0.5657	0.5738	0.0686	0.0136	4.247e-07	+++	0.0	1.889	2	0.389	10708	1	196677163
rs570618	chr1:196657064_G_T	t	g	0.3899	0.0015	0.3861	0.3918	-0.0792	0.0138	8.918e-09	---	0.0	0.866	2	0.6486	10708	1	196657064
rs143764847	chr16:61636725_C_T	t	c	0.9771	0.0028	0.9712	0.9787	0.2043	0.0493	3.372e-05	+++	0.0	1.516	2	0.4685	10708	16	61636725
rs139524056	chr1:196784094_C_G	c	g	0.4337	0.0054	0.4281	0.4473	0.0616	0.0145	2.058e-05	+++	72.6	7.297	2	0.02602	10708	1	196784094
rs11841716	chr13:45604491_G_T	t	g	0.9786	0.0024	0.9724	0.9798	-0.1917	0.0471	4.699e-05	---	0.0	0.485	2	0.7847	10708	13	45604491
rs368465	chr1:196671981_C_T	t	c	0.3909	0.0017	0.3872	0.3945	-0.0783	0.0138	1.302e-08	---	0.0	0.931	2	0.6277	10708	1	196671981
rs145110715	chr11:93288675_A_G	a	g	0.0146	0.0011	0.0109	0.0150	0.2478	0.0566	1.192e-05	+++	0.0	0.218	2	0.8965	10708	11	93288675
rs112959953	chr5:9130748_A_G	a	g	0.9725	0.0022	0.9656	0.9746	0.2051	0.0478	1.799e-05	+-+	65.6	5.815	2	0.05461	10708	5	9130748
rs1093250	chr7:55530410_A_G	a	g	0.3137	0.0052	0.3110	0.3267	-0.0610	0.0147	3.406e-05	---	25.2	2.672	2	0.2629	10708	7	55530410
rs4044578	chr1:196881420_A_C	a	c	0.5884	0.0020	0.5839	0.5895	0.0607	0.0137	9.599e-06	+++	55.8	4.521	2	0.1043	10708	1	196881420
rs10990935	chr9:106520257_C_T	t	c	0.8448	0.0019	0.8391	0.8455	0.0777	0.0186	3.039e-05	+++	0.0	0.518	2	0.7718	10708	9	106520257
rs385537	chr1:196791760_A_G	a	g	0.4223	0.0062	0.4092	0.4349	0.0599	0.0145	3.504e-05	+++	80.1	10.049	2	0.006575	10708	1	196791760
rs203672	chr1:196689062_C_T	t	c	0.4297	0.0018	0.4259	0.4333	-0.0677	0.0136	6.102e-07	---	0.0	1.989	2	0.37	10708	1	196689062
rs6665824	chr1:196820234_A_C	a	c	0.4651	0.0049	0.4608	0.4800	-0.0645	0.0136	2.083e-06	---	52.1	4.173	2	0.1241	10708	1	196820234
rs114928638	chr1:191829955_C_T	t	c	0.0107	0.0002	0.0103	0.0113	-0.2769	0.0666	3.249e-05	---	0.0	1.401	2	0.4964	10708	1	191829955
rs7535062	chr1:165008251_C_T	t	c	0.7136	0.0022	0.7099	0.7192	0.0668	0.0149	7.208e-06	+++	14.8	2.347	2	0.3093	10708	1	165008251
rs28613734	chr1:229718645_A_G	a	g	0.1502	0.0069	0.1472	0.1703	-0.0859	0.0205	2.663e-05	---	0.0	0.669	2	0.7156	10708	1	229718645
rs409253	chr1:196795014_A_G	a	g	0.4235	0.0062	0.4099	0.4358	0.0598	0.0145	3.538e-05	+++	79.5	9.737	2	0.007684	10708	1	196795014
rs28853072	chr1:196667088_A_T	a	t	0.3913	0.0016	0.3876	0.3938	-0.0798	0.0138	6.609e-09	---	0.0	0.630	2	0.7298	10708	1	196667088
rs1200010	chr5:92034070_A_G	a	g	0.0348	0.0019	0.0291	0.0356	-0.1566	0.0379	3.583e-05	---	0.0	0.615	2	0.7353	10708	5	92034070
rs10131839	chr14:87914242_G_T	t	g	0.9001	0.0009	0.8997	0.9025	-0.0963	0.0225	1.793e-05	---	0.0	0.503	2	0.7776	10708	14	87914242
rs542832508	chr1:196677743_D_I	d	i	0.4311	0.0020	0.4265	0.4345	-0.0694	0.0136	3.202e-07	---	0.0	1.879	2	0.3909	10708	1	196677743
rs366947	chr1:196787147_A_G	a	g	0.4224	0.0056	0.4093	0.4331	0.0621	0.0145	1.888e-05	+++	78.9	9.461	2	0.008822	10708	1	196787147
17:26722039_D_I	chr17:26722039_D_I	d	i	0.4532	0.0054	0.4369	0.4555	-0.0651	0.0137	1.94e-06	--+	60.0	5.004	2	0.08192	10708	17	26722039
rs73181565	chr13:45614245_C_T	t	c	0.9783	0.0030	0.9707	0.9798	-0.1910	0.0469	4.746e-05	---	0.0	0.702	2	0.7039	10708	13	45614245
rs452551	chr1:196786385_C_T	t	c	0.5890	0.0055	0.5807	0.6039	-0.0625	0.0148	2.329e-05	---	78.4	9.267	2	0.009718	10708	1	196786385
rs61943372	chr13:33503004_A_T	a	t	0.9730	0.0026	0.9667	0.9743	-0.1952	0.0457	1.97e-05	---	0.0	1.270	2	0.5299	10708	13	33503004
rs6663083	chr1:196980660_C_T	t	c	0.4765	0.0063	0.4624	0.4799	0.0703	0.0135	1.906e-07	+++	67.2	6.094	2	0.0475	10708	1	196980660
rs143654844	chr2:19294985_A_G	a	g	0.0607	0.0032	0.0564	0.0693	0.1199	0.0287	2.976e-05	+++	0.0	0.702	2	0.7039	10708	2	19294985
rs111930960	chr2:27897447_D_I	d	i	0.0104	0.0015	0.0055	0.0109	-0.3265	0.0736	9.221e-06	---	17.4	2.423	2	0.2978	10708	2	27897447
rs34212723	chr1:196796888_D_I	d	i	0.5843	0.0062	0.5719	0.5979	-0.0621	0.0144	1.71e-05	---	82.7	11.560	2	0.003088	10708	1	196796888
rs442759	chr1:196794519_C_T	t	c	0.4219	0.0061	0.4085	0.4343	0.0623	0.0145	1.696e-05	+++	78.5	9.291	2	0.009607	10708	1	196794519
rs2982645	chr1:196774865_C_T	t	c	0.4425	0.0033	0.4407	0.4502	0.0654	0.0151	1.471e-05	+++	65.7	5.830	2	0.0542	10708	1	196774865
rs36080117	chr13:98574643_A_C	a	c	0.0761	0.0072	0.0728	0.0958	0.1142	0.0264	1.482e-05	+++	0.0	0.405	2	0.8166	10708	13	98574643
rs112254341	chr8:123360467_A_G	a	g	0.9861	0.0002	0.9857	0.9865	0.2708	0.0625	1.482e-05	+++	0.0	0.760	2	0.6839	10708	8	123360467
rs11943005	chr4:468540_C_T	t	c	0.0383	0.0007	0.0367	0.0396	0.1486	0.0359	3.534e-05	+++	0.0	0.146	2	0.9298	10708	4	468540
rs10606665	chr22:20776973_D_I	d	i	0.8075	0.0077	0.7904	0.8233	0.0718	0.0176	4.371e-05	+++	0.0	0.736	2	0.6921	10708	22	20776973
rs17289704	chr16:50420145_A_G	a	g	0.3451	0.0047	0.3432	0.3587	-0.0598	0.0144	3.103e-05	---	0.0	0.062	2	0.9696	10708	16	50420145
rs4428917	chr1:196896360_G_T	t	g	0.5369	0.0034	0.5296	0.5388	0.0623	0.0135	3.924e-06	+++	69.2	6.490	2	0.03897	10708	1	196896360
rs11869677	chr17:26740139_A_G	a	g	0.5800	0.0009	0.5781	0.5805	0.0602	0.0138	1.224e-05	++-	60.7	5.086	2	0.07864	10708	17	26740139
rs403846	chr1:196696737_C_T	t	c	0.4297	0.0020	0.4250	0.4325	-0.0679	0.0136	5.384e-07	---	7.5	2.162	2	0.3392	10708	1	196696737
rs56695972	chr7:55525312_D_I	d	i	0.6883	0.0061	0.6744	0.6916	0.0606	0.0149	4.544e-05	+++	9.1	2.201	2	0.3327	10708	7	55525312
rs4875745	chr8:3442853_C_G	c	g	0.5843	0.0017	0.5834	0.5881	0.0582	0.0138	2.366e-05	+++	0.0	0.552	2	0.7588	10708	8	3442853
rs60156895	chr18:13998424_D_I	d	i	0.7276	0.0057	0.7104	0.7297	0.0651	0.0158	3.874e-05	+++	0.0	1.674	2	0.433	10708	18	13998424
rs417843	chr1:196796526_A_G	a	g	0.5763	0.0059	0.5644	0.5894	-0.0612	0.0144	2.26e-05	---	79.1	9.567	2	0.008369	10708	1	196796526
rs10922154	chr1:196996366_A_C	a	c	0.3164	0.0066	0.3118	0.3358	-0.0623	0.0145	1.755e-05	---	33.2	2.996	2	0.2236	10708	1	196996366
rs35726567	chr3:119782277_D_I	d	i	0.0434	0.0006	0.0422	0.0450	0.1420	0.0344	3.661e-05	+++	0.0	0.318	2	0.8532	10708	3	119782277
rs10801554	chr1:196657655_C_T	t	c	0.6090	0.0015	0.6069	0.6126	0.0795	0.0138	7.633e-09	+++	0.0	0.683	2	0.7107	10708	1	196657655
rs76155238	chr4:479068_G_T	t	g	0.9695	0.0011	0.9662	0.9703	-0.1648	0.0400	3.721e-05	---	0.0	1.682	2	0.4313	10708	4	479068
rs13301021	chr9:106514901_A_G	a	g	0.1600	0.0007	0.1583	0.1604	-0.0797	0.0187	2.019e-05	---	0.0	0.202	2	0.9038	10708	9	106514901
rs73007430	chr4:175026283_A_C	a	c	0.8602	0.0026	0.8530	0.8614	0.0832	0.0196	2.258e-05	+++	0.0	0.213	2	0.899	10708	4	175026283
rs10922099	chr1:196665041_A_G	a	g	0.6099	0.0016	0.6075	0.6138	0.0793	0.0138	8.197e-09	+++	0.0	0.824	2	0.6624	10708	1	196665041
rs185851717	chr14:20986659_G_T	t	g	0.0249	0.0010	0.0244	0.0271	0.1899	0.0448	2.241e-05	+-+	34.7	3.062	2	0.2163	10708	14	20986659
rs71564290	chr6:100243520_A_G	a	g	0.0533	0.0015	0.0495	0.0557	0.1347	0.0302	8.071e-06	+++	0.0	1.679	2	0.4319	10708	6	100243520
rs59240598	chr13:45608943_C_G	c	g	0.9783	0.0030	0.9709	0.9798	-0.1930	0.0470	3.971e-05	---	0.0	0.551	2	0.7591	10708	13	45608943
rs4785061	chr16:59791249_A_G	a	g	0.3505	0.0036	0.3471	0.3611	0.0591	0.0141	2.905e-05	+++	0.0	1.755	2	0.4159	10708	16	59791249
rs78818608	chr4:495719_C_G	c	g	0.0303	0.0014	0.0296	0.0344	0.1673	0.0400	2.922e-05	+++	0.0	1.339	2	0.5119	10708	4	495719
rs533753280	chr1:196792213_D_I	d	i	0.4212	0.0058	0.4075	0.4322	0.0608	0.0145	2.713e-05	+++	79.5	9.772	2	0.007552	10708	1	196792213
rs10759355	chr9:112422411_A_G	a	g	0.8909	0.0028	0.8831	0.8947	-0.0968	0.0218	9.423e-06	---	0.0	0.612	2	0.7364	10708	9	112422411
rs529557720	chr18:14282083_C_T	t	c	0.9814	0.0010	0.9810	0.9844	-0.2751	0.0632	1.344e-05	---	0.0	1.223	2	0.5425	10708	18	14282083
rs938680	chr18:56815551_C_G	c	g	0.8173	0.0019	0.8165	0.8225	0.0716	0.0176	4.865e-05	+++	0.0	1.563	2	0.4577	10708	18	56815551
rs10922102	chr1:196668287_C_T	t	c	0.6087	0.0016	0.6062	0.6124	0.0798	0.0138	6.665e-09	+++	0.0	0.631	2	0.7295	10708	1	196668287
rs380390	chr1:196701051_C_G	c	g	0.5698	0.0017	0.5666	0.5737	0.0676	0.0136	6.164e-07	+++	0.0	1.987	2	0.3703	10708	1	196701051
rs546574608	chr1:191583305_C_T	t	c	0.0111	0.0011	0.0096	0.0137	-0.3269	0.0679	1.486e-06	---	0.0	1.338	2	0.5123	10708	1	191583305
rs942971	chr1:196933506_A_G	a	g	0.4724	0.0038	0.4704	0.4811	-0.0607	0.0135	6.82e-06	---	63.0	5.404	2	0.06708	10708	1	196933506
rs4875743	chr8:3441978_C_T	t	c	0.4185	0.0028	0.4132	0.4199	-0.0583	0.0138	2.244e-05	---	0.0	0.252	2	0.8815	10708	8	3441978
rs149781827	chr19:38136038_A_G	a	g	0.0115	0.0016	0.0077	0.0149	0.2699	0.0660	4.286e-05	+++	0.0	0.485	2	0.7846	10708	19	38136038
rs532278859	chr5:121928778_C_T	t	c	0.9788	0.0011	0.9761	0.9793	-0.1980	0.0482	4.058e-05	---	45.7	3.686	2	0.1584	10708	5	121928778
rs1410996	chr1:196696933_A_G	a	g	0.4067	0.0031	0.3977	0.4081	0.0716	0.0138	2.089e-07	+++	0.0	1.288	2	0.5251	10708	1	196696933
rs11588114	chr1:165005945_A_C	a	c	0.2864	0.0019	0.2819	0.2901	-0.0675	0.0149	5.898e-06	---	14.5	2.340	2	0.3104	10708	1	165005945
rs61229706	chr1:196661838_D_I	d	i	0.6195	0.0029	0.6115	0.6238	0.0815	0.0141	7.79e-09	+++	0.0	1.268	2	0.5305	10708	1	196661838
1:196786387_G_A	chr1:196786387_A_G	a	g	0.4105	0.0053	0.3948	0.4163	0.0633	0.0148	1.83e-05	+++	77.9	9.046	2	0.01086	10708	1	196786387
rs4795433	chr17:26716821_C_T	t	c	0.5152	0.0055	0.5117	0.5315	0.0569	0.0135	2.648e-05	++-	47.5	3.812	2	0.1487	10708	17	26716821
rs7332969	chr13:45612903_A_G	a	g	0.9786	0.0024	0.9724	0.9798	-0.1920	0.0471	4.61e-05	---	0.0	0.501	2	0.7785	10708	13	45612903
rs1738744	chr1:196765146_A_G	a	g	0.4904	0.0050	0.4877	0.5013	0.0595	0.0143	3.277e-05	+++	72.4	7.251	2	0.02664	10708	1	196765146
rs111289226	chr1:196816143_A_G	a	g	0.4770	0.0073	0.4584	0.4894	0.0696	0.0140	7.277e-07	+++	75.8	8.250	2	0.01616	10708	1	196816143
rs10922122	chr1:196765281_A_G	a	g	0.2590	0.0044	0.2500	0.2687	0.0677	0.0164	3.726e-05	+++	70.3	6.744	2	0.03432	10708	1	196765281
rs36047676	chr13:45600129_D_I	d	i	0.0208	0.0025	0.0196	0.0271	0.2045	0.0484	2.408e-05	+++	0.0	0.802	2	0.6698	10708	13	45600129
rs10801564	chr1:196785888_A_G	a	g	0.4220	0.0055	0.4091	0.4322	0.0610	0.0145	2.621e-05	+++	78.0	9.099	2	0.01057	10708	1	196785888
rs141655345	chr1:196795603_D_I	d	i	0.4237	0.0060	0.4104	0.4356	0.0619	0.0145	1.854e-05	+++	79.3	9.662	2	0.007978	10708	1	196795603
rs399507	chr1:196796184_A_G	a	g	0.4236	0.0060	0.4104	0.4354	0.0630	0.0145	1.321e-05	+++	78.7	9.410	2	0.009051	10708	1	196796184
rs129654	chr6:32916699_C_T	t	c	0.2124	0.0039	0.2009	0.2141	0.0705	0.0164	1.788e-05	+++	0.0	0.794	2	0.6722	10708	6	32916699
rs6688272	chr1:196684392_G_T	t	g	0.4063	0.0031	0.3974	0.4077	0.0731	0.0138	1.168e-07	+++	0.0	1.242	2	0.5373	10708	1	196684392
rs1963606	chr1:196822853_C_T	t	c	0.4721	0.0067	0.4658	0.4923	-0.0648	0.0134	1.436e-06	---	55.6	4.503	2	0.1052	10708	1	196822853
rs13057508	chr22:43621190_A_G	a	g	0.1231	0.0057	0.1070	0.1256	-0.0921	0.0215	1.891e-05	---	0.0	0.991	2	0.6092	10708	22	43621190
rs412852	chr1:196703707_A_G	a	g	0.5704	0.0020	0.5672	0.5752	0.0683	0.0136	4.775e-07	+++	8.0	2.174	2	0.3372	10708	1	196703707
rs62444096	chr7:29197691_A_G	a	g	0.7355	0.0079	0.7116	0.7385	-0.0798	0.0176	5.694e-06	---	0.0	1.749	2	0.4172	10708	7	29197691
rs563214683	chr16:26319858_D_I	d	i	0.9889	0.0022	0.9844	0.9927	0.3341	0.0745	7.263e-06	+-+	52.4	4.206	2	0.1221	10708	16	26319858
rs10990928	chr9:106496992_C_T	t	c	0.1560	0.0012	0.1549	0.1595	-0.0811	0.0188	1.519e-05	---	0.0	0.703	2	0.7036	10708	9	106496992
rs115568388	chr4:485981_A_C	a	c	0.9669	0.0011	0.9638	0.9676	-0.1710	0.0389	1.103e-05	---	0.0	1.350	2	0.5093	10708	4	485981
rs4794828	chr17:26717268_A_G	a	g	0.5159	0.0058	0.5123	0.5331	0.0573	0.0136	2.347e-05	++-	48.4	3.877	2	0.1439	10708	17	26717268
rs10918110	chr1:165004450_C_T	t	c	0.2871	0.0017	0.2835	0.2907	-0.0654	0.0149	1.127e-05	---	14.8	2.347	2	0.3092	10708	1	165004450
rs10801565	chr1:196786011_C_T	t	c	0.5769	0.0053	0.5662	0.5883	-0.0615	0.0145	2.31e-05	---	79.2	9.601	2	0.008224	10708	1	196786011
rs150397550	chr1:208133001_C_T	t	c	0.0217	0.0010	0.0187	0.0221	-0.2166	0.0486	8.266e-06	---	0.0	0.377	2	0.8281	10708	1	208133001
rs6695525	chr1:196845521_G_T	t	g	0.5265	0.0043	0.5133	0.5300	0.0678	0.0134	4.374e-07	+++	61.7	5.228	2	0.07325	10708	1	196845521
rs7333592	chr13:45603973_C_T	t	c	0.9783	0.0029	0.9709	0.9798	-0.1927	0.0470	4.083e-05	---	0.0	0.531	2	0.7668	10708	13	45603973
rs12039050	chr1:196738732_G_T	t	g	0.2397	0.0022	0.2340	0.2432	0.0785	0.0168	3.016e-06	+++	65.0	5.714	2	0.05745	10708	1	196738732
rs6675769	chr1:196941661_A_G	a	g	0.4903	0.0060	0.4760	0.4934	0.0678	0.0135	5.259e-07	+++	42.2	3.461	2	0.1772	10708	1	196941661
rs70983934	chr6:28141292_D_I	d	i	0.3158	0.0054	0.3034	0.3185	-0.0603	0.0148	4.552e-05	---	0.0	1.504	2	0.4714	10708	6	28141292
rs74793824	chr16:59812935_C_T	t	c	0.3078	0.0037	0.3003	0.3161	0.0660	0.0147	7.385e-06	+++	0.0	1.706	2	0.4262	10708	16	59812935
rs77190203	chr8:123227923_C_T	t	c	0.9820	0.0011	0.9815	0.9850	0.2645	0.0537	8.434e-07	+++	0.0	0.433	2	0.8054	10708	8	123227923
rs35250739	chr6:100250362_C_T	t	c	0.0525	0.0017	0.0490	0.0563	0.1310	0.0306	1.882e-05	+++	0.0	1.982	2	0.3713	10708	6	100250362
rs150025344	chr15:24010151_D_I	d	i	0.0206	0.0019	0.0113	0.0211	0.2397	0.0572	2.765e-05	+++	0.0	0.804	2	0.669	10708	15	24010151
rs1464705	chr3:967323_A_G	a	g	0.7045	0.0059	0.6903	0.7075	-0.0622	0.0149	3.068e-05	---	0.0	1.842	2	0.3982	10708	3	967323
rs11584530	chr1:165008680_G_T	t	g	0.6923	0.0017	0.6880	0.6930	0.0665	0.0146	4.992e-06	+++	22.3	2.574	2	0.2761	10708	1	165008680
rs6814904	chr4:175028867_A_C	a	c	0.1389	0.0026	0.1376	0.1456	-0.0824	0.0196	2.751e-05	---	0.0	0.316	2	0.8538	10708	4	175028867
rs431088	chr1:196791602_G_T	t	g	0.5747	0.0081	0.5551	0.5860	-0.0609	0.0144	2.383e-05	---	78.3	9.213	2	0.009988	10708	1	196791602
rs393955	chr1:196692470_A_C	a	c	0.5699	0.0018	0.5668	0.5739	0.0674	0.0136	6.534e-07	+++	0.1	2.002	2	0.3675	10708	1	196692470
rs10922108	chr1:196701473_A_T	a	t	0.5932	0.0031	0.5918	0.6018	-0.0721	0.0138	1.706e-07	---	0.0	1.198	2	0.5493	10708	1	196701473
rs1128161	chr17:26721895_A_G	a	g	0.5508	0.0057	0.5486	0.5679	0.0635	0.0136	2.965e-06	++-	53.5	4.303	2	0.1163	10708	17	26721895
rs112675745	chr13:45594940_D_I	d	i	0.0217	0.0027	0.0203	0.0283	0.1915	0.0471	4.754e-05	+++	0.0	0.711	2	0.7007	10708	13	45594940
rs2469367	chr8:3448547_C_T	t	c	0.4177	0.0021	0.4128	0.4188	-0.0625	0.0138	5.673e-06	---	0.0	0.196	2	0.9064	10708	8	3448547
rs441614	chr1:196786861_A_G	a	g	0.5779	0.0056	0.5673	0.5907	-0.0619	0.0145	2.037e-05	---	79.1	9.574	2	0.008336	10708	1	196786861
rs10130551	chr14:87926086_C_T	t	c	0.9016	0.0005	0.9009	0.9029	-0.0982	0.0226	1.391e-05	---	0.0	0.433	2	0.8054	10708	14	87926086
rs36101808	chr14:87942416_D_I	d	i	0.1060	0.0016	0.1024	0.1068	0.0911	0.0222	3.971e-05	+++	0.0	1.381	2	0.5013	10708	14	87942416
rs10732956	chr11:69606210_C_G	c	g	0.4132	0.0038	0.4046	0.4151	-0.0615	0.0140	1.177e-05	-+-	19.1	2.473	2	0.2904	10708	11	69606210
rs10754206	chr1:196820924_G_T	t	g	0.5280	0.0059	0.5100	0.5334	0.0648	0.0134	1.434e-06	+++	52.5	4.210	2	0.1219	10708	1	196820924
4:491523_A_C	chr4:491523_A_C	a	c	0.9693	0.0011	0.9665	0.9711	-0.1673	0.0402	3.213e-05	---	0.0	1.705	2	0.4263	10708	4	491523
rs75924143	chr3:188672526_D_I	d	i	0.9704	0.0023	0.9695	0.9767	-0.2117	0.0482	1.136e-05	---	46.5	3.741	2	0.1541	10708	3	188672526
rs6667243	chr1:196941493_C_T	t	c	0.5096	0.0057	0.5067	0.5232	-0.0685	0.0135	4.011e-07	---	45.0	3.636	2	0.1623	10708	1	196941493
rs437504	chr1:196795741_C_T	t	c	0.4232	0.0057	0.4097	0.4338	0.0629	0.0145	1.365e-05	+++	79.5	9.745	2	0.007655	10708	1	196795741
rs5006794	chr4:190680521_C_G	c	g	0.9309	0.0017	0.9267	0.9316	-0.1549	0.0369	2.692e-05	--?	0.0	0.128	1	0.721	9376	4	190680521
rs407900	chr1:196795519_A_G	a	g	0.4237	0.0059	0.4104	0.4354	0.0621	0.0144	1.705e-05	+++	79.7	9.830	2	0.007335	10708	1	196795519
rs8079943	chr17:26722645_A_G	a	g	0.5510	0.0059	0.5488	0.5688	0.0638	0.0136	2.751e-06	++-	53.9	4.335	2	0.1145	10708	17	26722645
rs370542	chr1:196798012_A_T	a	t	0.5768	0.0058	0.5651	0.5896	-0.0619	0.0145	1.863e-05	---	78.9	9.499	2	0.008657	10708	1	196798012
rs9970075	chr1:196673430_G_T	t	g	0.4276	0.0018	0.4233	0.4301	-0.0680	0.0136	5.807e-07	---	13.3	2.306	2	0.3157	10708	1	196673430
rs78526424	chr1:196818287_G_T	t	g	0.4158	0.0027	0.4110	0.4227	-0.0621	0.0145	1.766e-05	---	65.8	5.845	2	0.05379	10708	1	196818287
rs1636873	chr7:155586068_G_T	t	g	0.4140	0.0019	0.4084	0.4146	-0.0683	0.0161	2.321e-05	--?	0.0	0.022	1	0.8824	9376	7	155586068
rs12140782	chr1:197002527_C_G	c	g	0.6832	0.0066	0.6638	0.6880	0.0620	0.0145	1.841e-05	+++	36.4	3.145	2	0.2075	10708	1	197002527
7:55513684_I_D	chr7:55513684_D_I	d	i	0.2829	0.0083	0.2785	0.3008	-0.0619	0.0152	4.801e-05	--+	40.1	3.339	2	0.1884	10708	7	55513684
rs967645	chr17:26713970_C_T	t	c	0.5151	0.0057	0.5116	0.5322	0.0575	0.0136	2.235e-05	++-	44.8	3.625	2	0.1632	10708	17	26713970
rs6676084	chr1:197094030_C_T	t	c	0.3152	0.0083	0.3086	0.3396	-0.0624	0.0145	1.692e-05	---	28.9	2.812	2	0.2451	10708	1	197094030
rs2239907	chr17:26725744_C_T	t	c	0.4493	0.0057	0.4322	0.4513	-0.0637	0.0136	2.887e-06	---	51.6	4.132	2	0.1267	10708	17	26725744
rs9913833	chr17:26718592_C_T	t	c	0.5156	0.0055	0.5119	0.5320	0.0571	0.0136	2.49e-05	++-	47.8	3.834	2	0.1471	10708	17	26718592
rs75531587	chr10:126206117_A_G	a	g	0.0202	0.0011	0.0196	0.0231	-0.2021	0.0487	3.31e-05	---	0.0	0.426	2	0.8081	10708	10	126206117
rs10922096	chr1:196662459_C_T	t	c	0.5412	0.0044	0.5297	0.5431	-0.0559	0.0135	3.512e-05	---	50.0	4.000	2	0.1353	10708	1	196662459
rs35966884	chr1:196868282_D_I	d	i	0.5367	0.0040	0.5270	0.5388	0.0655	0.0135	1.329e-06	+++	68.0	6.257	2	0.04379	10708	1	196868282
rs10853128	chr17:26721304_A_G	a	g	0.4490	0.0058	0.4318	0.4512	-0.0637	0.0136	2.787e-06	--+	53.3	4.283	2	0.1175	10708	17	26721304
rs367626	chr1:196800120_A_G	a	g	0.4198	0.0058	0.4070	0.4314	0.0597	0.0145	3.786e-05	+++	77.1	8.722	2	0.01276	10708	1	196800120
rs10922092	chr1:196657414_A_G	a	g	0.3911	0.0014	0.3878	0.3932	-0.0799	0.0138	6.421e-09	---	0.0	0.679	2	0.7122	10708	1	196657414
rs408519	chr1:196799433_C_T	t	c	0.4232	0.0061	0.4094	0.4351	0.0595	0.0145	3.869e-05	+++	79.4	9.707	2	0.007801	10708	1	196799433
rs6976519	chr7:55519649_A_G	a	g	0.4333	0.0097	0.4285	0.4594	-0.0631	0.0137	4.254e-06	---	0.0	0.687	2	0.7092	10708	7	55519649
rs145077815	chr14:20995577_C_G	c	g	0.0270	0.0015	0.0262	0.0301	0.1813	0.0434	2.921e-05	+-+	55.8	4.524	2	0.1042	10708	14	20995577
11:69636321_D_I	chr11:69636321_D_I	d	i	0.4102	0.0056	0.3973	0.4131	-0.0603	0.0141	1.918e-05	---	0.0	1.933	2	0.3804	10708	11	69636321
rs78462613	chr3:7653476_A_G	a	g	0.0169	0.0015	0.0128	0.0196	-0.2396	0.0537	8.188e-06	---	0.0	0.262	2	0.8771	10708	3	7653476
rs5881353	chr6:160624990_D_I	d	i	0.8017	0.0071	0.7993	0.8253	-0.0749	0.0181	3.654e-05	---	0.0	0.397	2	0.8199	10708	6	160624990
rs407304	chr1:196791711_A_G	a	g	0.5791	0.0056	0.5678	0.5910	-0.0588	0.0145	4.996e-05	---	77.3	8.816	2	0.01218	10708	1	196791711
rs10922153	chr1:196978615_G_T	t	g	0.4765	0.0061	0.4635	0.4798	0.0704	0.0135	1.869e-07	+++	68.5	6.355	2	0.04169	10708	1	196978615
rs191931889	chr4:488844_C_T	t	c	0.0304	0.0012	0.0296	0.0337	0.1681	0.0400	2.67e-05	+++	0.0	1.512	2	0.4695	10708	4	488844
rs203682	chr1:196679195_A_C	a	c	0.5716	0.0019	0.5699	0.5763	0.0687	0.0136	4.367e-07	+++	3.5	2.073	2	0.3547	10708	1	196679195
rs485632	chr1:196664793_G_T	t	g	0.3901	0.0016	0.3862	0.3925	-0.0794	0.0138	8.099e-09	---	0.0	0.801	2	0.6699	10708	1	196664793
rs1007428	chr14:87973315_C_T	t	c	0.8925	0.0012	0.8919	0.8956	-0.0891	0.0219	4.575e-05	---	0.0	0.276	2	0.8712	10708	14	87973315
rs11618929	chr13:45608191_A_G	a	g	0.0217	0.0029	0.0202	0.0291	0.1926	0.0470	4.117e-05	+++	0.0	0.525	2	0.769	10708	13	45608191
rs116356229	chr4:498972_A_G	a	g	0.0303	0.0014	0.0294	0.0345	0.1672	0.0400	2.907e-05	+++	0.0	1.328	2	0.5147	10708	4	498972
rs10801553	chr1:196655743_A_C	a	c	0.3909	0.0015	0.3872	0.3931	-0.0793	0.0138	8.662e-09	---	0.0	0.691	2	0.7078	10708	1	196655743
rs78360685	chr7:55636636_G_T	t	g	0.9433	0.0026	0.9390	0.9497	-0.1226	0.0300	4.348e-05	---	0.0	1.226	2	0.5418	10708	7	55636636
rs182574087	chr10:126261136_G_T	t	g	0.0242	0.0001	0.0238	0.0243	-0.1793	0.0437	4.114e-05	---	0.0	1.269	2	0.5303	10708	10	126261136
rs1061170	chr1:196659237_C_T	t	c	0.6088	0.0015	0.6068	0.6126	0.0796	0.0138	7.409e-09	+++	0.0	0.604	2	0.7394	10708	1	196659237
rs72783691	chr16:59778181_C_T	t	c	0.1160	0.0018	0.1150	0.1201	0.0880	0.0213	3.49e-05	+-+	71.1	6.916	2	0.03149	10708	16	59778181
1:56407460_I_D	chr1:56407460_D_I	d	i	0.0784	0.0012	0.0757	0.0791	-0.1119	0.0266	2.491e-05	---	46.6	3.744	2	0.1538	10708	1	56407460
rs115159453	chr4:480377_A_T	a	t	0.9694	0.0014	0.9654	0.9704	-0.1667	0.0399	2.973e-05	---	0.0	1.522	2	0.4671	10708	4	480377
rs452155	chr1:196804666_C_T	t	c	0.5754	0.0060	0.5641	0.5897	-0.0613	0.0145	2.371e-05	---	80.7	10.380	2	0.005572	10708	1	196804666
rs76637059	chr6:124346851_A_G	a	g	0.9673	0.0018	0.9621	0.9680	0.1845	0.0414	8.415e-06	+++	18.9	2.465	2	0.2916	10708	6	124346851
rs7897697	chr10:82344060_A_G	a	g	0.0801	0.0017	0.0793	0.0845	0.1045	0.0249	2.735e-05	+++	21.5	2.546	2	0.2799	10708	10	82344060
rs514943	chr1:196663913_C_T	t	c	0.6099	0.0016	0.6075	0.6138	0.0793	0.0138	8.366e-09	+++	0.0	0.806	2	0.6683	10708	1	196663913
rs488380	chr1:196664505_C_T	t	c	0.6099	0.0016	0.6075	0.6138	0.0794	0.0138	8.047e-09	+++	0.0	0.800	2	0.6703	10708	1	196664505
rs1332666	chr1:196984679_A_G	a	g	0.4766	0.0064	0.4627	0.4800	0.0704	0.0135	1.87e-07	+++	68.6	6.363	2	0.04153	10708	1	196984679
19:55063942_D_I	chr19:55063942_D_I	d	i	0.1313	0.0014	0.1272	0.1319	0.0877	0.0214	4.06e-05	+++	0.0	0.858	2	0.6513	10708	19	55063942
rs1853883	chr1:196881600_C_G	c	g	0.5362	0.0036	0.5266	0.5380	0.0644	0.0135	1.799e-06	+++	67.4	6.138	2	0.04646	10708	1	196881600
rs11587835	chr1:61818381_C_T	t	c	0.1952	0.0012	0.1919	0.1957	-0.0723	0.0170	2.042e-05	---	0.0	1.710	2	0.4252	10708	1	61818381
rs17267829	chr13:94186666_A_G	a	g	0.0190	0.0013	0.0185	0.0226	-0.2174	0.0507	1.779e-05	---	0.0	1.214	2	0.545	10708	13	94186666
rs72674528	chr14:21001995_A_C	a	c	0.0258	0.0006	0.0256	0.0274	0.1910	0.0444	1.712e-05	+-+	48.6	3.892	2	0.1429	10708	14	21001995
rs7961085	chr12:46307741_G_T	t	g	0.7829	0.0023	0.7808	0.7900	0.0671	0.0164	4.322e-05	+++	0.0	1.805	2	0.4055	10708	12	46307741
rs426412	chr1:196819691_C_T	t	c	0.5658	0.0047	0.5559	0.5755	-0.0655	0.0144	5.188e-06	---	77.5	8.900	2	0.01168	10708	1	196819691
rs445413	chr1:196740442_C_G	c	g	0.4900	0.0052	0.4871	0.5005	0.0592	0.0143	3.537e-05	+++	63.2	5.430	2	0.06621	10708	1	196740442
rs61822229	chr1:196774412_A_G	a	g	0.2690	0.0029	0.2608	0.2703	0.0749	0.0166	6.718e-06	+++	75.7	8.221	2	0.0164	10708	1	196774412
rs7546015	chr1:196664082_A_G	a	g	0.3913	0.0016	0.3876	0.3938	-0.0798	0.0138	6.606e-09	---	0.0	0.630	2	0.7298	10708	1	196664082
rs7416290	chr1:196754667_A_G	a	g	0.2610	0.0039	0.2529	0.2693	0.0697	0.0163	1.98e-05	+++	66.3	5.930	2	0.05157	10708	1	196754667
rs76602572	chr4:472365_C_T	t	c	0.9694	0.0013	0.9657	0.9702	-0.1643	0.0399	3.816e-05	---	0.0	1.540	2	0.4631	10708	4	472365
rs815957	chr7:55540707_A_G	a	g	0.3011	0.0054	0.2984	0.3151	-0.0608	0.0148	4.064e-05	---	17.7	2.432	2	0.2965	10708	7	55540707
rs6961353	chr7:55533847_C_T	t	c	0.4234	0.0096	0.4189	0.4500	-0.0696	0.0137	3.837e-07	---	0.0	0.769	2	0.6806	10708	7	55533847
rs140576967	chr7:139343806_D_I	d	i	0.0876	0.0003	0.0870	0.0878	-0.1137	0.0244	3.339e-06	---	25.1	2.670	2	0.2632	10708	7	139343806
rs2132959	chr1:104965004_A_C	a	c	0.6874	0.0068	0.6840	0.7039	-0.0630	0.0146	1.681e-05	---	61.5	5.198	2	0.07434	10708	1	104965004
rs151098819	chr1:196774935_A_G	a	g	0.5572	0.0027	0.5502	0.5585	-0.0662	0.0151	1.157e-05	---	65.2	5.750	2	0.05641	10708	1	196774935
rs426994	chr5:8518419_G_T	t	g	0.6436	0.0055	0.6287	0.6529	0.0643	0.0153	2.54e-05	+++	0.0	0.374	2	0.8294	10708	5	8518419
rs116912684	chr9:94580561_G_T	t	g	0.9875	0.0008	0.9858	0.9879	-0.2566	0.0631	4.801e-05	---	0.0	0.174	2	0.9166	10708	9	94580561
rs68045083	chr1:196820008_D_I	d	i	0.4727	0.0071	0.4630	0.4927	-0.0623	0.0136	4.454e-06	---	51.3	4.105	2	0.1284	10708	1	196820008
rs78337698	chr13:78994809_A_G	a	g	0.0188	0.0007	0.0185	0.0205	-0.2151	0.0519	3.468e-05	---	0.0	0.538	2	0.7642	10708	13	78994809
rs11393029	chr1:196794449_D_I	d	i	0.5655	0.0060	0.5552	0.5810	-0.0587	0.0145	4.93e-05	---	74.3	7.773	2	0.02052	10708	1	196794449
rs10922109	chr1:196704632_A_C	a	c	0.4068	0.0030	0.3982	0.4082	0.0720	0.0138	1.771e-07	+++	0.0	1.220	2	0.5434	10708	1	196704632
rs148662723	chr13:98542816_A_G	a	g	0.0178	0.0006	0.0166	0.0190	0.2434	0.0543	7.337e-06	+++	0.0	1.398	2	0.4972	10708	13	98542816
rs76643839	chr16:6064942_A_C	a	c	0.9378	0.0029	0.9290	0.9430	0.1232	0.0290	2.129e-05	+++	53.3	4.287	2	0.1173	10708	16	6064942
rs10922098	chr1:196664651_C_T	t	c	0.6073	0.0015	0.6062	0.6111	0.0791	0.0138	9.263e-09	+++	0.0	0.641	2	0.7259	10708	1	196664651
rs112647825	chr16:6063875_A_G	a	g	0.9375	0.0031	0.9275	0.9424	0.1219	0.0289	2.549e-05	+++	42.2	3.459	2	0.1773	10708	16	6063875
rs200154585	chr1:196813668_D_I	d	i	0.5060	0.0073	0.4967	0.5265	-0.0612	0.0141	1.47e-05	---	65.3	5.772	2	0.0558	10708	1	196813668
rs12447274	chr16:59825742_C_T	t	c	0.6376	0.0051	0.6227	0.6425	-0.0632	0.0140	6.457e-06	---	0.0	1.871	2	0.3923	10708	16	59825742
rs374229	chr1:196786486_C_G	c	g	0.4377	0.0057	0.4234	0.4476	0.0596	0.0144	3.623e-05	+++	73.6	7.585	2	0.02253	10708	1	196786486
rs569466214	chr11:2732203_D_I	d	i	0.0128	0.0005	0.0125	0.0143	0.2801	0.0663	2.413e-05	+++	0.0	0.319	2	0.8525	10708	11	2732203
rs10922104	chr1:196687730_A_G	a	g	0.5937	0.0032	0.5923	0.6029	-0.0728	0.0138	1.276e-07	---	0.0	1.235	2	0.5394	10708	1	196687730
rs12192910	chr6:1055786_A_G	a	g	0.1938	0.0081	0.1897	0.2128	0.0767	0.0182	2.581e-05	+++	69.8	6.628	2	0.03636	10708	6	1055786
rs12240965	chr10:82340362_A_G	a	g	0.0794	0.0019	0.0786	0.0843	0.1067	0.0250	1.997e-05	+++	18.6	2.456	2	0.2929	10708	10	82340362
rs7212510	chr17:26703682_A_T	a	t	0.5159	0.0055	0.5117	0.5321	0.0564	0.0135	3.069e-05	++-	45.3	3.654	2	0.1609	10708	17	26703682
rs201682645	chr10:91680980_A_G	a	g	0.0102	0.0018	0.0092	0.0144	0.3065	0.0697	1.111e-05	+++	0.0	0.979	2	0.6128	10708	10	91680980
rs7894153	chr10:82346304_A_C	a	c	0.9198	0.0018	0.9154	0.9207	-0.1040	0.0249	3.042e-05	---	13.8	2.319	2	0.3136	10708	10	82346304
rs35403490	chr5:79126120_A_G	a	g	0.8832	0.0020	0.8783	0.8842	0.0883	0.0217	4.713e-05	+++	8.1	2.176	2	0.3368	10708	5	79126120
4:485951_I_D	chr4:485951_D_I	d	i	0.0312	0.0011	0.0294	0.0341	0.1656	0.0398	3.138e-05	+++	2.8	2.059	2	0.3573	10708	4	485951
rs7922492	chr10:82346494_A_C	a	c	0.0801	0.0017	0.0795	0.0846	0.1030	0.0249	3.617e-05	+++	13.9	2.324	2	0.3129	10708	10	82346494
rs10918112	chr1:165009523_C_T	t	c	0.3074	0.0018	0.3066	0.3120	-0.0677	0.0146	3.482e-06	---	24.6	2.651	2	0.2656	10708	1	165009523
rs778277459	chr2:27289102_D_I	d	i	0.5077	0.0021	0.5010	0.5085	-0.0636	0.0156	4.647e-05	-+-	44.5	3.607	2	0.1648	10708	2	27289102
rs61818890	chr1:196795018_G_T	t	g	0.7487	0.0047	0.7381	0.7572	-0.0716	0.0166	1.561e-05	---	70.6	6.805	2	0.03329	10708	1	196795018
rs11946373	chr4:446004_C_G	c	g	0.9633	0.0006	0.9616	0.9640	-0.1531	0.0365	2.775e-05	---	0.0	0.203	2	0.9036	10708	4	446004
rs12038674	chr1:196665651_A_C	a	c	0.6087	0.0016	0.6062	0.6124	0.0798	0.0138	6.82e-09	+++	0.0	0.634	2	0.7283	10708	1	196665651
rs143163975	chr4:492931_A_G	a	g	0.0304	0.0013	0.0296	0.0341	0.1680	0.0400	2.651e-05	+++	0.0	1.511	2	0.4698	10708	4	492931
rs379489	chr1:196693451_A_G	a	g	0.4300	0.0019	0.4258	0.4336	-0.0674	0.0136	6.719e-07	---	0.0	1.996	2	0.3687	10708	1	196693451
rs1887973	chr1:196675179_C_G	c	g	0.5689	0.0021	0.5662	0.5739	0.0683	0.0136	4.719e-07	+++	0.0	1.845	2	0.3975	10708	1	196675179
rs4044682	chr1:196894465_G_T	t	g	0.5371	0.0035	0.5293	0.5390	0.0626	0.0135	3.493e-06	+++	69.3	6.519	2	0.0384	10708	1	196894465
rs1061147	chr1:196654324_A_C	a	c	0.3912	0.0014	0.3879	0.3931	-0.0804	0.0138	5.315e-09	---	0.0	0.659	2	0.7193	10708	1	196654324
rs12078376	chr1:240065636_A_G	a	g	0.0263	0.0013	0.0256	0.0293	-0.1849	0.0435	2.135e-05	---	0.0	0.063	2	0.969	10708	1	240065636
rs73403422	chr9:9169270_A_C	a	c	0.9135	0.0042	0.9044	0.9236	-0.1046	0.0249	2.573e-05	---	19.5	2.486	2	0.2886	10708	9	9169270
rs10922106	chr1:196691464_A_G	a	g	0.5937	0.0031	0.5923	0.6026	-0.0729	0.0138	1.25e-07	---	0.0	1.261	2	0.5323	10708	1	196691464
rs1415212	chr1:197157894_A_T	a	t	0.3117	0.0082	0.3039	0.3355	-0.0616	0.0146	2.478e-05	---	28.0	2.777	2	0.2494	10708	1	197157894
rs13310351	chr7:139351347_C_T	t	c	0.0871	0.0005	0.0869	0.0881	-0.1096	0.0246	8.381e-06	--+	45.1	3.645	2	0.1616	10708	7	139351347
rs570375251	chr22:36660880_C_T	t	c	0.9761	0.0022	0.9711	0.9772	0.2178	0.0520	2.835e-05	+++	0.0	0.621	2	0.7331	10708	22	36660880
rs11838657	chr13:45607806_A_T	a	t	0.9786	0.0024	0.9724	0.9798	-0.1917	0.0471	4.699e-05	---	0.0	0.485	2	0.7847	10708	13	45607806
rs510755	chr1:196739246_G_T	t	g	0.4969	0.0049	0.4943	0.5074	0.0600	0.0143	2.853e-05	+++	71.6	7.047	2	0.02949	10708	1	196739246
rs442411	chr1:196786300_A_G	a	g	0.5776	0.0055	0.5668	0.5902	-0.0621	0.0145	1.887e-05	---	79.3	9.649	2	0.008029	10708	1	196786300
rs10922120	chr1:196759960_C_T	t	c	0.7445	0.0046	0.7332	0.7511	-0.0724	0.0165	1.099e-05	---	74.1	7.726	2	0.02101	10708	1	196759960
rs2036173	chr1:104966455_A_C	a	c	0.3124	0.0072	0.2956	0.3161	0.0625	0.0147	2.002e-05	+++	59.5	4.941	2	0.08456	10708	1	104966455
rs7540032	chr1:196701284_C_T	t	c	0.4076	0.0015	0.4038	0.4081	0.0677	0.0145	2.947e-06	+?+	0.0	0.000	1	0.9934	9682	1	196701284
rs71912686	chr9:94614906_D_I	d	i	0.9896	0.0005	0.9880	0.9899	0.3527	0.0836	2.437e-05	+++	0.0	1.843	2	0.3979	10708	9	94614906
rs377628	chr1:196786445_A_T	a	t	0.4216	0.0053	0.4079	0.4303	0.0624	0.0145	1.722e-05	+++	79.4	9.728	2	0.00772	10708	1	196786445
rs75954977	chr14:78103112_C_G	c	g	0.1227	0.0036	0.1134	0.1241	0.0888	0.0216	3.858e-05	+?+	0.0	0.765	1	0.3816	9682	14	78103112
rs2026547	chr1:196927791_A_G	a	g	0.5279	0.0038	0.5192	0.5299	0.0616	0.0135	5.113e-06	+++	59.5	4.933	2	0.08488	10708	1	196927791
rs8052011	chr16:59877718_C_T	t	c	0.6659	0.0040	0.6562	0.6731	-0.0668	0.0143	2.909e-06	---	0.0	1.984	2	0.3709	10708	16	59877718
rs115444849	chr4:485044_A_G	a	g	0.0306	0.0013	0.0297	0.0344	0.1689	0.0399	2.368e-05	+++	0.0	1.410	2	0.4941	10708	4	485044
rs424108	chr1:196793578_A_G	a	g	0.4223	0.0061	0.4088	0.4346	0.0606	0.0145	2.868e-05	+++	78.0	9.081	2	0.01067	10708	1	196793578
rs72700409	chr1:165007858_A_G	a	g	0.7137	0.0024	0.7100	0.7201	0.0667	0.0149	7.471e-06	+++	13.0	2.300	2	0.3167	10708	1	165007858
4:497459_I_D	chr4:497459_D_I	d	i	0.0301	0.0012	0.0288	0.0336	0.1648	0.0401	3.969e-05	+++	0.0	1.974	2	0.3727	10708	4	497459
rs11589386	chr1:165003462_C_T	t	c	0.2866	0.0023	0.2806	0.2902	-0.0652	0.0149	1.211e-05	---	22.6	2.584	2	0.2747	10708	1	165003462
rs529899	chr1:196667428_A_T	a	t	0.3901	0.0016	0.3862	0.3925	-0.0793	0.0138	8.37e-09	---	0.0	0.806	2	0.6683	10708	1	196667428
rs144205580	chr17:17676494_A_G	a	g	0.0114	0.0008	0.0110	0.0135	-0.2963	0.0708	2.879e-05	---	0.0	0.176	2	0.9156	10708	17	17676494
rs7323067	chr13:45607679_C_T	t	c	0.0214	0.0025	0.0202	0.0277	0.1919	0.0471	4.621e-05	+++	0.0	0.493	2	0.7815	10708	13	45607679
rs13469	chr17:26676135_C_T	t	c	0.5143	0.0060	0.5102	0.5323	0.0572	0.0136	2.427e-05	++-	44.0	3.571	2	0.1677	10708	17	26676135
rs406777	chr1:196791916_A_G	a	g	0.5799	0.0064	0.5669	0.5935	-0.0611	0.0145	2.444e-05	---	81.1	10.571	2	0.005064	10708	1	196791916
rs56219405	chr4:505268_A_C	a	c	0.9701	0.0015	0.9658	0.9717	-0.1780	0.0409	1.341e-05	---	0.0	0.818	2	0.6645	10708	4	505268
rs482934	chr1:196658497_G_T	t	g	0.6099	0.0017	0.6076	0.6139	0.0793	0.0138	8.257e-09	+++	0.0	0.822	2	0.663	10708	1	196658497
rs712820	chr7:55535038_C_T	t	c	0.6878	0.0054	0.6743	0.6906	0.0630	0.0146	1.694e-05	+++	11.9	2.270	2	0.3215	10708	7	55535038
rs111684881	chr10:82347108_C_G	c	g	0.9198	0.0017	0.9155	0.9205	-0.1026	0.0249	3.858e-05	---	8.6	2.187	2	0.335	10708	10	82347108
rs412967	chr1:196813716_C_G	c	g	0.5294	0.0055	0.5134	0.5361	0.0670	0.0138	1.141e-06	+++	42.2	3.463	2	0.1771	10708	1	196813716
rs78064606	chr4:175026291_A_T	a	t	0.1395	0.0015	0.1387	0.1426	-0.0841	0.0196	1.874e-05	---	0.0	0.155	2	0.9254	10708	4	175026291
rs545033221	chr1:196635934_D_I	d	i	0.3226	0.0018	0.3218	0.3274	0.0644	0.0149	1.485e-05	+++	0.0	1.201	2	0.5486	10708	1	196635934
rs3645	chr1:196663016_A_G	a	g	0.6087	0.0016	0.6062	0.6124	0.0797	0.0138	7.063e-09	+++	0.0	0.638	2	0.7269	10708	1	196663016
rs16898668	chr8:124656137_A_C	a	c	0.0364	0.0017	0.0351	0.0410	0.1492	0.0360	3.46e-05	+++	56.3	4.578	2	0.1014	10708	8	124656137
rs203677	chr1:196683366_A_T	a	t	0.4301	0.0017	0.4261	0.4325	-0.0678	0.0136	5.659e-07	---	0.0	1.953	2	0.3767	10708	1	196683366
rs976800	chr8:3440231_C_T	t	c	0.4160	0.0022	0.4118	0.4171	-0.0571	0.0138	3.357e-05	---	0.0	0.114	2	0.9444	10708	8	3440231
rs395544	chr1:196698272_A_G	a	g	0.4302	0.0016	0.4268	0.4332	-0.0673	0.0136	6.721e-07	---	0.0	1.965	2	0.3744	10708	1	196698272
1:196791587_D_I	chr1:196791587_D_I	d	i	0.5709	0.0092	0.5487	0.5838	-0.0611	0.0144	2.141e-05	---	75.1	8.039	2	0.01796	10708	1	196791587
rs116658708	chr4:477001_A_G	a	g	0.9695	0.0011	0.9662	0.9702	-0.1653	0.0399	3.518e-05	---	0.0	1.610	2	0.447	10708	4	477001
rs376660	chr1:196786667_A_G	a	g	0.4224	0.0055	0.4098	0.4330	0.0598	0.0145	3.782e-05	+++	79.7	9.836	2	0.007313	10708	1	196786667
rs186668436	chr22:46155030_A_T	a	t	0.9877	0.0014	0.9848	0.9909	-0.2549	0.0626	4.722e-05	---	76.8	8.635	2	0.01334	10708	22	46155030
rs28589574	chr14:87955852_C_T	t	c	0.9199	0.0014	0.9192	0.9231	-0.1068	0.0248	1.715e-05	---	0.0	0.264	2	0.8762	10708	14	87955852
rs12871134	chr13:55116282_C_T	t	c	0.0373	0.0007	0.0370	0.0391	-0.1545	0.0370	3.006e-05	---	0.0	1.027	2	0.5984	10708	13	55116282
rs10922152	chr1:196963006_A_T	a	t	0.5231	0.0061	0.5198	0.5355	-0.0700	0.0135	2.139e-07	---	70.1	6.689	2	0.03528	10708	1	196963006
rs10922178	chr1:197158599_C_T	t	c	0.3114	0.0074	0.3039	0.3326	-0.0620	0.0146	2.189e-05	---	34.1	3.036	2	0.2192	10708	1	197158599
rs551102161	chr20:6870610_A_T	a	t	0.9519	0.0034	0.9449	0.9538	-0.1655	0.0398	3.204e-05	---	0.0	1.241	2	0.5378	10708	20	6870610
rs10922100	chr1:196665208_A_G	a	g	0.3913	0.0016	0.3874	0.3937	-0.0801	0.0138	5.879e-09	---	0.0	0.631	2	0.7295	10708	1	196665208
rs2073867	chr17:26678960_C_G	c	g	0.5149	0.0060	0.5104	0.5330	0.0561	0.0135	3.425e-05	++-	44.9	3.632	2	0.1627	10708	17	26678960
rs7522681	chr1:196678605_A_G	a	g	0.5690	0.0021	0.5660	0.5739	0.0687	0.0136	3.998e-07	+++	0.0	1.913	2	0.3842	10708	1	196678605
rs414628	chr1:196801078_A_T	a	t	0.5766	0.0059	0.5668	0.5920	-0.0633	0.0145	1.184e-05	---	77.4	8.837	2	0.01205	10708	1	196801078
rs117863086	chr17:78832630_C_T	t	c	0.0421	0.0045	0.0396	0.0549	0.1602	0.0361	9.234e-06	+++	0.0	1.026	2	0.5986	10708	17	78832630
rs12029785	chr1:196658905_A_G	a	g	0.6088	0.0016	0.6066	0.6126	0.0798	0.0138	6.771e-09	+++	0.0	0.661	2	0.7186	10708	1	196658905
rs141204061	chr11:2747894_C_T	t	c	0.9852	0.0011	0.9825	0.9872	-0.2571	0.0577	8.239e-06	---	38.0	3.226	2	0.1993	10708	11	2747894
rs150743100	chr19:38009271_C_T	t	c	0.9890	0.0012	0.9865	0.9920	-0.2798	0.0689	4.846e-05	---	0.0	0.203	2	0.9034	10708	19	38009271
rs1089033	chr1:196666793_A_C	a	c	0.3900	0.0019	0.3852	0.3925	-0.0799	0.0138	6.759e-09	---	0.0	0.790	2	0.6738	10708	1	196666793
rs10801555	chr1:196660261_A_G	a	g	0.3911	0.0017	0.3870	0.3917	-0.0763	0.0145	1.298e-07	-?-	0.0	0.065	1	0.7982	9682	1	196660261
rs147119465	chr12:16920968_A_T	a	t	0.0109	0.0018	0.0090	0.0155	0.2838	0.0690	3.949e-05	+-+	56.3	4.572	2	0.1017	10708	12	16920968
rs2295625	chr1:229730452_A_G	a	g	0.4587	0.0058	0.4476	0.4618	-0.0572	0.0139	3.802e-05	---	0.0	0.744	2	0.6893	10708	1	229730452
rs423907	chr1:196787063_G_T	t	g	0.4138	0.0053	0.3991	0.4212	0.0628	0.0146	1.799e-05	+++	74.3	7.793	2	0.02031	10708	1	196787063
rs386816	chr1:196791364_C_G	c	g	0.4235	0.0062	0.4109	0.4365	0.0615	0.0145	2.14e-05	+++	79.1	9.591	2	0.008265	10708	1	196791364
rs9427913	chr1:196765467_G_T	t	g	0.5451	0.0033	0.5384	0.5469	-0.0720	0.0150	1.643e-06	---	9.2	2.203	2	0.3324	10708	1	196765467
rs4658046	chr1:196670757_C_T	t	c	0.6077	0.0016	0.6043	0.6111	0.0787	0.0138	1.059e-08	+++	0.0	0.742	2	0.6901	10708	1	196670757
rs203680	chr1:196681375_C_T	t	c	0.4298	0.0020	0.4250	0.4324	-0.0682	0.0136	4.887e-07	---	8.3	2.180	2	0.3362	10708	1	196681375
rs143396383	chr1:196898226_C_T	t	c	0.4509	0.0032	0.4491	0.4579	-0.0639	0.0137	3.112e-06	---	71.2	6.949	2	0.03098	10708	1	196898226
rs9612028	chr22:43624022_C_T	t	c	0.8584	0.0082	0.8549	0.8802	0.0840	0.0202	3.228e-05	+++	0.0	0.442	2	0.8019	10708	22	43624022
rs12038333	chr1:196672454_A_G	a	g	0.6078	0.0017	0.6042	0.6113	0.0787	0.0138	1.05e-08	+++	0.0	0.735	2	0.6924	10708	1	196672454
rs11616383	chr13:45600064_C_G	c	g	0.9785	0.0025	0.9721	0.9798	-0.1936	0.0471	3.92e-05	---	0.0	0.630	2	0.7299	10708	13	45600064
rs10954653	chr7:139352954_A_G	a	g	0.9111	0.0019	0.9053	0.9119	0.1067	0.0245	1.366e-05	++-	62.5	5.337	2	0.06937	10708	7	139352954
rs6681400	chr1:60232433_C_T	t	c	0.5536	0.0016	0.5489	0.5546	0.0578	0.0139	3.191e-05	+++	56.7	4.614	2	0.09955	10708	1	60232433
rs6505081	chr17:26737888_C_T	t	c	0.5851	0.0039	0.5815	0.5969	0.0599	0.0137	1.272e-05	++-	64.7	5.666	2	0.05883	10708	17	26737888
rs33944729	chr1:196652124_D_I	d	i	0.3888	0.0015	0.3854	0.3914	-0.0799	0.0138	7.284e-09	---	0.0	0.829	2	0.6605	10708	1	196652124
rs7324584	chr13:45616911_A_G	a	g	0.9785	0.0026	0.9721	0.9798	-0.1943	0.0473	3.987e-05	---	0.0	0.426	2	0.8081	10708	13	45616911
rs190564152	chr11:123081749_C_T	t	c	0.0107	0.0020	0.0078	0.0155	-0.3293	0.0761	1.488e-05	---	0.0	0.294	2	0.8632	10708	11	123081749
rs73181522	chr13:45594425_C_T	t	c	0.0217	0.0031	0.0202	0.0294	0.1948	0.0470	3.359e-05	+++	0.0	0.876	2	0.6453	10708	13	45594425
rs34472642	chr12:8143135_D_I	d	i	0.5301	0.0026	0.5287	0.5356	0.0582	0.0141	3.438e-05	+++	0.0	0.546	2	0.7611	10708	12	8143135
rs432234	chr1:196796361_C_T	t	c	0.4236	0.0060	0.4104	0.4355	0.0621	0.0145	1.754e-05	+++	79.1	9.570	2	0.008356	10708	1	196796361
rs34626243	chr17:26605651_D_I	d	i	0.4387	0.0075	0.4335	0.4622	0.0597	0.0140	1.945e-05	++-	54.4	4.386	2	0.1116	10708	17	26605651
4:492748_C_G	chr4:492748_C_G	c	g	0.9693	0.0010	0.9666	0.9704	-0.1700	0.0400	2.18e-05	---	4.6	2.096	2	0.3507	10708	4	492748
rs10140280	chr14:87913934_A_G	a	g	0.0948	0.0010	0.0917	0.0958	0.0942	0.0230	4.269e-05	+++	0.0	0.321	2	0.8516	10708	14	87913934
rs7923730	chr10:82344477_C_T	t	c	0.9199	0.0017	0.9155	0.9207	-0.1036	0.0249	3.253e-05	---	17.5	2.424	2	0.2976	10708	10	82344477
rs200045266	chr1:196814534_G_T	t	g	0.4663	0.0056	0.4604	0.4830	-0.0668	0.0137	1.171e-06	---	61.8	5.242	2	0.07275	10708	1	196814534
rs452360	chr1:196804333_C_T	t	c	0.5735	0.0057	0.5623	0.5862	-0.0609	0.0145	2.628e-05	---	82.6	11.501	2	0.003182	10708	1	196804333
rs387475	chr1:196791182_A_G	a	g	0.4218	0.0062	0.4085	0.4343	0.0614	0.0145	2.308e-05	+++	79.4	9.708	2	0.007798	10708	1	196791182
rs543997157	chr3:140103414_G_T	t	g	0.9883	0.0017	0.9850	0.9893	0.3065	0.0672	5.033e-06	+++	22.6	2.585	2	0.2746	10708	3	140103414
rs678400	chr1:196797044_C_T	t	c	0.5774	0.0055	0.5667	0.5900	-0.0609	0.0145	2.475e-05	---	78.0	9.094	2	0.0106	10708	1	196797044
rs144877538	chr4:488187_A_G	a	g	0.0303	0.0012	0.0296	0.0337	0.1678	0.0400	2.785e-05	+++	0.0	1.404	2	0.4956	10708	4	488187
rs180959759	chr11:2709115_A_G	a	g	0.0110	0.0019	0.0100	0.0155	0.3288	0.0696	2.308e-06	+++	40.8	3.378	2	0.1847	10708	11	2709115
rs78633268	chr4:467940_A_G	a	g	0.0380	0.0005	0.0367	0.0389	0.1467	0.0360	4.688e-05	+++	0.0	0.075	2	0.9633	10708	4	467940
rs116948984	chr22:49578846_C_T	t	c	0.0100	0.0018	0.0078	0.0145	-0.2907	0.0702	3.424e-05	--+	24.3	2.641	2	0.267	10708	22	49578846
rs288764	chr7:155617741_C_T	t	c	0.2848	0.0024	0.2776	0.2856	-0.0635	0.0155	4.103e-05	---	0.0	0.653	2	0.7214	10708	7	155617741
rs556168112	chr6:149722649_D_I	d	i	0.0102	0.0022	0.0091	0.0148	-0.3638	0.0800	5.435e-06	---	0.0	0.579	2	0.7488	10708	6	149722649
rs143585134	chr4:476475_A_G	a	g	0.0306	0.0014	0.0298	0.0346	0.1673	0.0399	2.761e-05	+++	0.0	1.434	2	0.4882	10708	4	476475
rs10922134	chr1:196785881_C_G	c	g	0.4217	0.0052	0.4083	0.4302	0.0606	0.0145	2.99e-05	+++	75.8	8.265	2	0.01605	10708	1	196785881
rs147799739	chr1:191721218_C_T	t	c	0.0111	0.0006	0.0104	0.0126	-0.2686	0.0657	4.411e-05	---	0.0	1.805	2	0.4055	10708	1	191721218
rs6664705	chr1:196677842_A_G	a	g	0.5690	0.0021	0.5657	0.5739	0.0687	0.0136	4.016e-07	+++	0.0	1.888	2	0.3891	10708	1	196677842
rs677961	chr1:196797123_C_T	t	c	0.4236	0.0059	0.4104	0.4354	0.0621	0.0145	1.738e-05	+++	79.2	9.600	2	0.008229	10708	1	196797123
rs368825211	chr12:46293477_D_I	d	i	0.8305	0.0015	0.8266	0.8312	0.0800	0.0197	4.929e-05	+++	0.0	0.553	2	0.7585	10708	12	46293477
rs1419075	chr1:165016670_A_G	a	g	0.3893	0.0021	0.3881	0.3936	-0.0561	0.0138	4.728e-05	---	0.0	0.816	2	0.6651	10708	1	165016670
rs9427915	chr1:196786069_A_G	a	g	0.5777	0.0055	0.5671	0.5902	-0.0618	0.0145	2.033e-05	---	79.2	9.611	2	0.008184	10708	1	196786069
rs72660030	chr13:113438555_C_T	t	c	0.0709	0.0011	0.0700	0.0745	-0.1122	0.0267	2.671e-05	---	0.0	0.101	2	0.9506	10708	13	113438555
rs374896	chr1:196692378_C_T	t	c	0.4277	0.0022	0.4222	0.4304	-0.0690	0.0136	3.853e-07	---	11.9	2.271	2	0.3213	10708	1	196692378
rs147563750	chr4:478486_C_T	t	c	0.0305	0.0013	0.0297	0.0343	0.1647	0.0400	3.764e-05	+++	0.0	1.529	2	0.4655	10708	4	478486
rs28808893	chr9:112427894_A_G	a	g	0.1090	0.0024	0.1053	0.1155	0.0974	0.0219	8.451e-06	+++	0.0	0.617	2	0.7344	10708	9	112427894
rs149202404	chr4:482386_C_T	t	c	0.0305	0.0012	0.0296	0.0340	0.1648	0.0400	3.731e-05	+++	0.0	1.668	2	0.4343	10708	4	482386
rs10922124	chr1:196765482_C_T	t	c	0.2594	0.0043	0.2504	0.2687	0.0689	0.0164	2.647e-05	+++	67.8	6.203	2	0.04498	10708	1	196765482
rs415471	chr1:196788338_A_G	a	g	0.4221	0.0057	0.4069	0.4311	0.0619	0.0145	1.954e-05	+++	79.9	9.932	2	0.006972	10708	1	196788338
rs12056317	chr8:124651963_C_G	c	g	0.0374	0.0014	0.0367	0.0414	0.1460	0.0356	4.14e-05	+++	50.0	3.996	2	0.1356	10708	8	124651963
rs6677089	chr1:196684313_A_C	a	c	0.5936	0.0031	0.5922	0.6027	-0.0725	0.0138	1.428e-07	---	0.0	1.297	2	0.5229	10708	1	196684313
rs436234	chr1:196797845_A_T	a	t	0.5767	0.0059	0.5647	0.5896	-0.0621	0.0145	1.765e-05	---	78.9	9.500	2	0.008652	10708	1	196797845
rs423812	chr1:196791542_C_T	t	c	0.4219	0.0060	0.4092	0.4342	0.0613	0.0145	2.275e-05	+++	79.3	9.652	2	0.008018	10708	1	196791542
rs193265337	chr11:2742122_C_G	c	g	0.9875	0.0012	0.9843	0.9891	-0.2973	0.0631	2.465e-06	---	21.1	2.535	2	0.2816	10708	11	2742122
rs441607	chr1:196786875_A_G	a	g	0.5784	0.0053	0.5696	0.5921	-0.0625	0.0145	1.702e-05	---	79.2	9.598	2	0.008237	10708	1	196786875
rs537767	chr5:171637734_C_T	t	c	0.0388	0.0033	0.0273	0.0399	0.1479	0.0354	2.929e-05	+++	57.7	4.727	2	0.09411	10708	5	171637734
rs387547	chr1:196791118_A_G	a	g	0.4232	0.0061	0.4095	0.4352	0.0608	0.0145	2.832e-05	+++	79.0	9.530	2	0.008523	10708	1	196791118
rs74806244	chr14:87807961_C_T	t	c	0.8809	0.0030	0.8738	0.8867	-0.0851	0.0208	4.121e-05	---	0.0	0.294	2	0.8632	10708	14	87807961
rs10801559	chr1:196704204_A_G	a	g	0.4067	0.0031	0.3980	0.4081	0.0724	0.0138	1.552e-07	+++	0.0	1.153	2	0.562	10708	1	196704204
rs1445461	chr16:59874571_C_G	c	g	0.3188	0.0048	0.3080	0.3281	0.0653	0.0144	5.895e-06	+++	14.5	2.340	2	0.3104	10708	16	59874571
rs2990510	chr1:197020658_G_T	t	g	0.6797	0.0070	0.6594	0.6856	0.0613	0.0144	2.101e-05	+++	16.6	2.399	2	0.3013	10708	1	197020658
rs506317	chr1:196717153_C_T	t	c	0.5692	0.0024	0.5639	0.5740	0.0646	0.0136	1.904e-06	+++	0.0	1.931	2	0.3809	10708	1	196717153
rs2019724	chr1:196674917_C_T	t	c	0.4310	0.0021	0.4259	0.4337	-0.0684	0.0136	4.646e-07	---	0.0	1.866	2	0.3934	10708	1	196674917
rs113580460	chr8:123072547_C_T	t	c	0.9747	0.0010	0.9742	0.9778	0.2021	0.0470	1.743e-05	+++	0.0	0.130	2	0.9373	10708	8	123072547
rs769789957	chr8:123144250_A_G	a	g	0.9789	0.0016	0.9758	0.9833	0.2410	0.0507	1.984e-06	+++	0.0	0.049	2	0.9758	10708	8	123144250
rs203679	chr1:196682518_A_C	a	c	0.5699	0.0018	0.5666	0.5739	0.0678	0.0136	5.642e-07	+++	0.0	1.982	2	0.3711	10708	1	196682518
rs432109	chr1:196791093_C_T	t	c	0.5783	0.0062	0.5656	0.5914	-0.0624	0.0145	1.694e-05	---	78.9	9.487	2	0.00871	10708	1	196791093
rs7522434	chr1:197039373_A_G	a	g	0.3151	0.0073	0.3090	0.3364	-0.0629	0.0145	1.438e-05	---	31.3	2.909	2	0.2335	10708	1	197039373
rs7547265	chr1:196962502_G_T	t	g	0.5235	0.0067	0.5199	0.5386	-0.0705	0.0135	1.739e-07	---	69.8	6.617	2	0.03656	10708	1	196962502
rs938822	chr3:64936419_C_T	t	c	0.8811	0.0021	0.8793	0.8866	0.0854	0.0210	4.76e-05	+++	0.0	0.536	2	0.7648	10708	3	64936419
rs416873	chr1:196792208_C_T	t	c	0.4222	0.0061	0.4094	0.4349	0.0620	0.0145	1.883e-05	+++	81.3	10.694	2	0.004763	10708	1	196792208
rs71076546	chr1:104975142_D_I	d	i	0.3142	0.0062	0.3004	0.3174	0.0638	0.0147	1.406e-05	+++	58.6	4.828	2	0.08945	10708	1	104975142
rs10512317	chr9:106507815_A_C	a	c	0.8436	0.0018	0.8383	0.8443	0.0782	0.0186	2.663e-05	+++	0.0	0.418	2	0.8113	10708	9	106507815
rs408382	chr1:196791298_G_T	t	g	0.5825	0.0057	0.5715	0.5957	-0.0623	0.0146	2.047e-05	---	79.6	9.780	2	0.00752	10708	1	196791298
rs1329424	chr1:196646176_G_T	t	g	0.3900	0.0015	0.3864	0.3923	-0.0792	0.0138	9.671e-09	---	0.0	0.799	2	0.6707	10708	1	196646176
rs77757184	chr4:470747_G_T	t	g	0.9694	0.0016	0.9648	0.9703	-0.1640	0.0400	4.055e-05	---	0.0	1.432	2	0.4887	10708	4	470747
rs6963263	chr7:51722990_C_T	t	c	0.6102	0.0075	0.5919	0.6133	-0.0631	0.0146	1.653e-05	-?-	0.0	0.164	1	0.6853	9682	7	51722990
rs463499	chr1:196804800_A_C	a	c	0.5778	0.0057	0.5673	0.5916	-0.0624	0.0145	1.629e-05	---	77.6	8.911	2	0.01162	10708	1	196804800
rs605082	chr1:196801917_C_T	t	c	0.4231	0.0061	0.4098	0.4353	0.0615	0.0145	2.073e-05	+++	80.1	10.058	2	0.006545	10708	1	196801917
rs450340	chr1:196787067_C_T	t	c	0.5770	0.0057	0.5664	0.5907	-0.0604	0.0145	3.148e-05	---	79.4	9.698	2	0.007836	10708	1	196787067
rs2274700	chr1:196682947_A_G	a	g	0.4063	0.0031	0.3974	0.4077	0.0732	0.0138	1.094e-07	+++	0.0	1.235	2	0.5394	10708	1	196682947
rs5021991	chr18:56812491_C_T	t	c	0.8172	0.0015	0.8165	0.8212	0.0721	0.0177	4.415e-05	+++	0.0	1.698	2	0.4279	10708	18	56812491
rs74489020	chr11:2739474_A_G	a	g	0.0145	0.0018	0.0138	0.0193	0.3088	0.0652	2.148e-06	+++	0.0	1.366	2	0.5052	10708	11	2739474
rs12121698	chr1:196983630_G_T	t	g	0.4767	0.0060	0.4641	0.4800	0.0704	0.0135	1.817e-07	+++	68.4	6.329	2	0.04224	10708	1	196983630
rs2337615	chr4:190675796_A_G	a	g	0.9328	0.0023	0.9273	0.9338	-0.1563	0.0371	2.584e-05	--?	0.0	0.001	1	0.9709	9376	4	190675796
rs112718695	chr10:82347127_C_T	t	c	0.9199	0.0017	0.9155	0.9205	-0.1028	0.0249	3.809e-05	---	8.0	2.174	2	0.3372	10708	10	82347127
rs12605460	chr18:77679579_A_G	a	g	0.5126	0.0024	0.5066	0.5167	0.0595	0.0146	4.81e-05	+++	51.4	4.118	2	0.1276	10708	18	77679579
rs112834977	chr4:157729855_C_T	t	c	0.9900	0.0007	0.9880	0.9910	-0.3288	0.0739	8.682e-06	---	33.4	3.004	2	0.2227	10708	4	157729855
rs60527232	chr1:196793153_D_I	d	i	0.4227	0.0061	0.4083	0.4342	0.0632	0.0145	1.26e-05	+++	78.8	9.439	2	0.00892	10708	1	196793153
rs115935649	chr4:497850_A_G	a	g	0.0304	0.0014	0.0297	0.0345	0.1697	0.0400	2.174e-05	+++	0.0	1.540	2	0.4631	10708	4	497850
rs62031194	chr16:55769571_C_T	t	c	0.9863	0.0032	0.9782	0.9876	-0.2881	0.0680	2.279e-05	--+	56.9	4.642	2	0.09818	10708	16	55769571
rs147979138	chr1:191762802_A_G	a	g	0.9885	0.0004	0.9874	0.9887	0.2764	0.0666	3.336e-05	+++	0.0	0.962	2	0.6181	10708	1	191762802
rs10465586	chr1:196687329_A_T	a	t	0.5937	0.0031	0.5923	0.6025	-0.0729	0.0138	1.255e-07	---	0.0	1.252	2	0.5347	10708	1	196687329
rs60955707	chr4:456115_A_G	a	g	0.0375	0.0004	0.0365	0.0381	0.1468	0.0361	4.768e-05	+++	0.0	0.075	2	0.9631	10708	4	456115
rs397851519	chr13:72500046_D_I	d	i	0.7104	0.0040	0.6995	0.7145	-0.0738	0.0176	2.601e-05	---	0.0	1.267	2	0.5307	10708	13	72500046
rs559637118	chr1:196679909_D_I	d	i	0.5937	0.0029	0.5924	0.6021	-0.0726	0.0138	1.397e-07	---	0.0	1.154	2	0.5617	10708	1	196679909
rs553018769	chr16:79108306_D_I	d	i	0.2667	0.0054	0.2644	0.2827	-0.0770	0.0184	2.962e-05	---	0.0	1.428	2	0.4897	10708	16	79108306
11:69636324_D_I	chr11:69636324_D_I	d	i	0.4104	0.0051	0.4005	0.4131	-0.0593	0.0141	2.631e-05	---	0.0	1.976	2	0.3723	10708	11	69636324
rs200604220	chr13:45599908_D_I	d	i	0.0221	0.0033	0.0204	0.0302	0.1916	0.0468	4.185e-05	+++	0.0	0.599	2	0.7413	10708	13	45599908
rs10990940	chr9:106530628_C_T	t	c	0.1547	0.0021	0.1539	0.1608	-0.0793	0.0186	2.119e-05	---	0.0	0.684	2	0.7104	10708	9	106530628
rs10922140	chr1:196818493_A_G	a	g	0.4503	0.0052	0.4457	0.4660	-0.0655	0.0138	1.929e-06	---	47.1	3.778	2	0.1512	10708	1	196818493
rs59586577	chr1:196802897_C_G	c	g	0.5766	0.0059	0.5646	0.5893	-0.0626	0.0145	1.496e-05	---	80.1	10.061	2	0.006535	10708	1	196802897
rs704	chr17:26694861_A_G	a	g	0.4725	0.0061	0.4701	0.4907	0.0624	0.0136	4.321e-06	++-	58.4	4.806	2	0.09045	10708	17	26694861
rs61818906	chr1:196802040_C_T	t	c	0.5773	0.0060	0.5644	0.5890	-0.0613	0.0145	2.253e-05	---	78.3	9.204	2	0.01003	10708	1	196802040
rs113288558	chr4:464334_A_C	a	c	0.0376	0.0006	0.0364	0.0389	0.1471	0.0361	4.648e-05	+++	0.0	0.106	2	0.9482	10708	4	464334
rs201829484	chr1:56407522_A_T	a	t	0.0893	0.0016	0.0861	0.0924	-0.1023	0.0248	3.777e-05	---	45.8	3.691	2	0.1579	10708	1	56407522
rs78133118	chr4:175031915_A_G	a	g	0.1383	0.0015	0.1375	0.1420	-0.0831	0.0196	2.327e-05	---	0.0	0.299	2	0.8611	10708	4	175031915
rs57341351	chr14:87963296_A_G	a	g	0.0804	0.0015	0.0769	0.0812	0.1094	0.0248	1.023e-05	+++	0.0	0.042	2	0.9793	10708	14	87963296
rs146530523	chr11:93318738_A_C	a	c	0.0145	0.0010	0.0111	0.0149	0.2368	0.0570	3.315e-05	+++	0.0	0.022	2	0.989	10708	11	93318738
rs143410348	chr1:196809316_D_I	d	i	0.5386	0.0039	0.5287	0.5452	0.0719	0.0138	1.89e-07	+++	54.5	4.400	2	0.1108	10708	1	196809316
rs117187662	chr8:61472488_A_G	a	g	0.9884	0.0035	0.9812	0.9905	-0.2920	0.0717	4.66e-05	---	24.5	2.648	2	0.266	10708	8	61472488
rs381974	chr1:196692672_A_G	a	g	0.4301	0.0018	0.4261	0.4332	-0.0674	0.0136	6.648e-07	---	0.0	2.001	2	0.3677	10708	1	196692672
rs401332	chr1:196801321_G_T	t	g	0.5771	0.0061	0.5647	0.5905	-0.0632	0.0145	1.219e-05	---	80.3	10.158	2	0.006227	10708	1	196801321
rs58321225	chr13:45606262_A_G	a	g	0.9783	0.0030	0.9706	0.9798	-0.1944	0.0469	3.428e-05	---	0.0	0.652	2	0.7219	10708	13	45606262
rs59975118	chr11:81152075_D_I	d	i	0.3072	0.0055	0.2936	0.3146	0.0699	0.0165	2.265e-05	+++	0.0	1.497	2	0.473	10708	11	81152075
rs1128162	chr17:26721791_A_C	a	c	0.5509	0.0058	0.5487	0.5682	0.0635	0.0136	2.888e-06	++-	53.0	4.256	2	0.119	10708	17	26721791
rs118090482	chr14:20987336_C_T	t	c	0.0244	0.0011	0.0216	0.0266	0.1900	0.0453	2.776e-05	+-+	41.6	3.426	2	0.1803	10708	14	20987336
rs7515422	chr1:165010869_C_G	c	g	0.2862	0.0025	0.2798	0.2902	-0.0676	0.0149	5.741e-06	---	8.5	2.185	2	0.3354	10708	1	165010869
rs436719	chr1:196787744_G_T	t	g	0.5782	0.0055	0.5699	0.5932	-0.0659	0.0145	5.773e-06	---	78.5	9.321	2	0.00946	10708	1	196787744
rs74723548	chr13:45615456_C_T	t	c	0.0218	0.0032	0.0202	0.0298	0.1935	0.0469	3.713e-05	+++	0.0	0.571	2	0.7516	10708	13	45615456
rs11264165	chr1:35970441_G_T	t	g	0.0203	0.0049	0.0180	0.0307	0.2087	0.0493	2.31e-05	+++	0.0	0.568	2	0.7529	10708	1	35970441
rs9970784	chr1:196673802_C_T	t	c	0.5689	0.0021	0.5662	0.5740	0.0684	0.0136	4.659e-07	+++	0.0	1.854	2	0.3958	10708	1	196673802
rs34331968	chr1:196659753_C_T	t	c	0.5413	0.0046	0.5294	0.5437	-0.0559	0.0135	3.501e-05	---	45.4	3.663	2	0.1602	10708	1	196659753
rs12265354	chr10:82342932_A_G	a	g	0.0798	0.0020	0.0790	0.0848	0.1040	0.0249	3.015e-05	+++	11.8	2.268	2	0.3218	10708	10	82342932
rs12041767	chr1:196723599_C_T	t	c	0.2558	0.0039	0.2539	0.2655	0.0833	0.0169	8.702e-07	+++	78.1	9.142	2	0.01035	10708	1	196723599
rs402056	chr1:196671986_A_G	a	g	0.6091	0.0017	0.6056	0.6129	0.0782	0.0138	1.325e-08	+++	0.0	0.904	2	0.6364	10708	1	196671986
rs10898329	chr11:84627035_A_G	a	g	0.6502	0.0035	0.6479	0.6592	0.0593	0.0144	3.626e-05	+++	0.0	0.001	2	0.9997	10708	11	84627035
rs114019127	chr4:488948_A_G	a	g	0.9696	0.0012	0.9662	0.9704	-0.1657	0.0400	3.454e-05	---	0.0	1.710	2	0.4252	10708	4	488948
rs201952753	chr5:98110760_D_I	d	i	0.0155	0.0017	0.0146	0.0193	-0.2416	0.0587	3.871e-05	---	8.5	2.186	2	0.3352	10708	5	98110760
rs76258507	chr1:196666044_C_T	t	c	0.3913	0.0018	0.3868	0.3938	-0.0801	0.0138	6.29e-09	---	0.0	0.633	2	0.7288	10708	1	196666044
rs74851690	chr4:502092_C_T	t	c	0.0301	0.0016	0.0283	0.0345	0.1745	0.0404	1.571e-05	+++	0.0	0.997	2	0.6073	10708	4	502092
rs10979991	chr9:112435732_C_T	t	c	0.8949	0.0014	0.8911	0.8973	-0.1033	0.0222	3.142e-06	---	0.0	0.663	2	0.7177	10708	9	112435732
4:495691_I_D	chr4:495691_D_I	d	i	0.0308	0.0011	0.0293	0.0338	0.1697	0.0400	2.184e-05	+++	0.0	1.852	2	0.3961	10708	4	495691
rs80294576	chr1:61820685_D_I	d	i	0.8045	0.0022	0.8034	0.8101	0.0737	0.0173	1.982e-05	+++	0.0	1.990	2	0.3697	10708	1	61820685
rs8081240	chr17:26722728_C_T	t	c	0.5507	0.0056	0.5486	0.5676	0.0635	0.0136	3.052e-06	++-	54.3	4.378	2	0.112	10708	17	26722728
rs532310273	chr12:46123448_D_I	d	i	0.8251	0.0014	0.8218	0.8258	0.0784	0.0187	2.851e-05	+++	0.0	1.539	2	0.4633	10708	12	46123448
rs11339243	chr16:59812930_D_I	d	i	0.6898	0.0042	0.6806	0.6982	-0.0672	0.0147	4.657e-06	---	0.0	1.497	2	0.4731	10708	16	59812930
rs12934498	chr16:59784326_A_T	a	t	0.7075	0.0030	0.7028	0.7147	-0.0677	0.0158	1.78e-05	---	0.0	1.042	2	0.594	10708	16	59784326
rs567086291	chr1:196674330_D_I	d	i	0.4399	0.0018	0.4355	0.4421	-0.0715	0.0137	1.766e-07	---	0.0	1.899	2	0.3869	10708	1	196674330
rs11186149	chr10:82340707_C_T	t	c	0.9207	0.0020	0.9157	0.9216	-0.1060	0.0250	2.225e-05	---	19.7	2.491	2	0.2878	10708	10	82340707
rs431636	chr1:196790077_A_C	a	c	0.3308	0.0091	0.3145	0.3515	0.0688	0.0157	1.163e-05	+++	81.0	10.508	2	0.005226	10708	1	196790077
rs59166444	chr13:45595304_A_C	a	c	0.0217	0.0030	0.0202	0.0293	0.1953	0.0469	3.137e-05	+++	0.0	0.791	2	0.6732	10708	13	45595304
rs1831282	chr1:196673993_A_C	a	c	0.4311	0.0021	0.4261	0.4338	-0.0683	0.0136	4.719e-07	---	0.0	1.845	2	0.3975	10708	1	196673993
rs28797622	chr1:197039800_G_T	t	g	0.6848	0.0074	0.6633	0.6909	0.0628	0.0145	1.464e-05	+++	28.2	2.787	2	0.2482	10708	1	197039800
rs459285	chr1:196802995_C_T	t	c	0.4225	0.0055	0.4091	0.4327	0.0632	0.0145	1.266e-05	+++	79.8	9.881	2	0.00715	10708	1	196802995
rs572515	chr1:196646261_A_G	a	g	0.3897	0.0015	0.3860	0.3903	-0.0751	0.0145	2.045e-07	-?-	0.0	0.116	1	0.7335	9682	1	196646261
rs424925	chr1:196795761_C_G	c	g	0.5763	0.0060	0.5646	0.5896	-0.0622	0.0145	1.691e-05	---	79.2	9.632	2	0.0081	10708	1	196795761
rs1023529	chr14:68989808_C_T	t	c	0.6769	0.0146	0.6399	0.7028	0.0604	0.0148	4.546e-05	+++	17.0	2.410	2	0.2997	10708	14	68989808
rs7535263	chr1:196682346_A_G	a	g	0.4064	0.0031	0.3974	0.4078	0.0727	0.0138	1.35e-07	+++	0.0	1.268	2	0.5305	10708	1	196682346
rs61199320	chr13:45601839_D_I	d	i	0.0215	0.0024	0.0202	0.0272	0.1935	0.0473	4.288e-05	+++	0.0	0.917	2	0.6323	10708	13	45601839
rs141731635	chr1:196773346_C_T	t	c	0.5101	0.0041	0.5007	0.5122	-0.0615	0.0144	1.842e-05	---	71.3	6.959	2	0.03082	10708	1	196773346
rs1093252	chr7:55523215_G_T	t	g	0.6878	0.0049	0.6760	0.6904	0.0627	0.0146	1.848e-05	+++	9.9	2.219	2	0.3297	10708	7	55523215
rs203685	chr1:196677945_A_C	a	c	0.5702	0.0021	0.5675	0.5754	0.0680	0.0136	5.265e-07	+++	5.6	2.120	2	0.3465	10708	1	196677945
rs12139963	chr1:196821458_C_T	t	c	0.5273	0.0061	0.5093	0.5336	0.0640	0.0136	2.465e-06	+++	59.3	4.914	2	0.0857	10708	1	196821458
rs201215552	chr1:196819349_G_T	t	g	0.3979	0.0069	0.3917	0.4187	-0.0652	0.0148	1.012e-05	---	55.9	4.535	2	0.1035	10708	1	196819349
rs12242580	chr10:82340652_A_G	a	g	0.0794	0.0019	0.0786	0.0843	0.1066	0.0250	2.023e-05	+++	19.8	2.492	2	0.2876	10708	10	82340652
rs7986584	chr13:45614775_C_G	c	g	0.9785	0.0026	0.9721	0.9798	-0.1916	0.0471	4.693e-05	---	0.0	0.470	2	0.7904	10708	13	45614775
rs34839765	chr17:75664056_A_G	a	g	0.0782	0.0021	0.0719	0.0801	0.1086	0.0265	4.096e-05	+++	46.0	3.703	2	0.157	10708	17	75664056
rs76284517	chr7:55604862_A_G	a	g	0.0584	0.0029	0.0501	0.0608	0.1226	0.0292	2.686e-05	+++	0.0	0.784	2	0.6758	10708	7	55604862
rs12927004	chr16:59808951_C_T	t	c	0.6378	0.0047	0.6242	0.6433	-0.0627	0.0140	7.663e-06	---	0.0	1.854	2	0.3957	10708	16	59808951
rs10494744	chr1:196542567_C_T	t	c	0.8576	0.0070	0.8358	0.8601	0.0802	0.0197	4.901e-05	+++	0.0	1.746	2	0.4176	10708	1	196542567
rs550940007	chr12:117632232_D_I	d	i	0.0152	0.0018	0.0129	0.0189	0.2809	0.0681	3.681e-05	+++	0.0	0.944	2	0.6237	10708	12	117632232
rs138540988	chr8:123258832_A_G	a	g	0.0198	0.0017	0.0155	0.0233	-0.2809	0.0522	7.479e-08	---	0.0	0.678	2	0.7125	10708	8	123258832
rs201457423	chr1:196816180_D_I	d	i	0.4724	0.0056	0.4669	0.4890	-0.0663	0.0136	1.1e-06	---	30.9	2.894	2	0.2353	10708	1	196816180
rs2239911	chr17:26723613_G_T	t	g	0.5506	0.0059	0.5484	0.5683	0.0635	0.0136	3.119e-06	+++	52.0	4.170	2	0.1243	10708	17	26723613
rs180816068	chr4:485760_G_T	t	g	0.9694	0.0014	0.9654	0.9705	-0.1692	0.0399	2.264e-05	---	0.0	1.324	2	0.5157	10708	4	485760
rs2594678	chr1:104957465_A_G	a	g	0.6290	0.0072	0.6257	0.6479	-0.0674	0.0141	1.847e-06	---	0.0	1.229	2	0.5408	10708	1	104957465
rs398848	chr1:196792468_G_T	t	g	0.5778	0.0061	0.5653	0.5906	-0.0610	0.0145	2.492e-05	---	79.2	9.619	2	0.00815	10708	1	196792468
rs7545355	chr1:165008153_A_G	a	g	0.6923	0.0017	0.6880	0.6930	0.0665	0.0146	4.996e-06	+++	22.3	2.573	2	0.2762	10708	1	165008153
rs2401695	chr14:87971749_C_T	t	c	0.1073	0.0011	0.1044	0.1079	0.0900	0.0219	3.991e-05	+++	0.0	0.387	2	0.824	10708	14	87971749
rs6500066	chr16:59843821_A_C	a	c	0.6293	0.0052	0.6142	0.6348	-0.0601	0.0140	1.775e-05	---	0.0	1.104	2	0.5757	10708	16	59843821
17:26679563_D_I	chr17:26679563_D_I	d	i	0.5345	0.0073	0.5127	0.5378	-0.0564	0.0139	4.878e-05	--+	62.2	5.284	2	0.07121	10708	17	26679563
rs75578440	chr7:119028010_C_T	t	c	0.9767	0.0007	0.9744	0.9769	0.2146	0.0487	1.027e-05	++?	0.0	0.087	1	0.768	9376	7	119028010
rs1329427	chr1:196704559_C_T	t	c	0.4066	0.0031	0.3981	0.4081	0.0724	0.0138	1.537e-07	+++	0.0	1.150	2	0.5627	10708	1	196704559
rs118019462	chr7:118686258_A_G	a	g	0.0208	0.0007	0.0205	0.0228	-0.2176	0.0516	2.484e-05	--?	0.0	0.370	1	0.543	9376	7	118686258
rs375111	chr1:196774296_G_T	t	g	0.4472	0.0030	0.4456	0.4539	0.0655	0.0150	1.295e-05	+++	73.4	7.532	2	0.02315	10708	1	196774296
rs2594663	chr1:104975931_C_T	t	c	0.6873	0.0071	0.6838	0.7048	-0.0622	0.0146	2.093e-05	---	57.1	4.660	2	0.09728	10708	1	104975931
rs12241017	chr10:82340409_G_T	t	g	0.0794	0.0019	0.0786	0.0843	0.1066	0.0250	2.046e-05	+++	19.2	2.476	2	0.2899	10708	10	82340409
rs544392627	chr9:39042473_A_G	a	g	0.0233	0.0017	0.0180	0.0239	-0.2481	0.0611	4.974e-05	---	28.2	2.784	2	0.2486	10708	9	39042473
rs2860102	chr1:196668319_A_T	a	t	0.3913	0.0016	0.3876	0.3939	-0.0797	0.0138	7.145e-09	---	0.0	0.636	2	0.7278	10708	1	196668319
rs12265331	chr10:82340461_C_T	t	c	0.9206	0.0019	0.9157	0.9214	-0.1069	0.0250	1.94e-05	---	18.2	2.446	2	0.2943	10708	10	82340461
rs143089448	chr6:124323898_C_T	t	c	0.9753	0.0015	0.9711	0.9758	0.2012	0.0462	1.342e-05	+++	0.0	0.465	2	0.7927	10708	6	124323898
rs203683	chr1:196678432_C_G	c	g	0.5703	0.0020	0.5682	0.5754	0.0679	0.0136	5.466e-07	+++	8.9	2.196	2	0.3335	10708	1	196678432
rs148051863	chr4:37328660_A_G	a	g	0.9807	0.0017	0.9769	0.9816	0.2191	0.0535	4.26e-05	+++	0.0	1.002	2	0.606	10708	4	37328660
rs1409153	chr1:196880005_C_T	t	c	0.5891	0.0018	0.5857	0.5900	0.0603	0.0137	1.122e-05	+++	54.7	4.411	2	0.1102	10708	1	196880005
rs12045503	chr1:196672473_C_T	t	c	0.6078	0.0017	0.6042	0.6113	0.0787	0.0138	1.05e-08	+++	0.0	0.735	2	0.6924	10708	1	196672473
rs7522892	chr1:165007935_G_T	t	g	0.2874	0.0015	0.2844	0.2907	-0.0658	0.0149	9.949e-06	---	15.1	2.356	2	0.3079	10708	1	165007935
rs34813609	chr1:196668360_D_I	d	i	0.6095	0.0017	0.6065	0.6134	0.0805	0.0138	5.465e-09	+++	0.0	0.564	2	0.7543	10708	1	196668360
rs7539005	chr1:196667252_A_T	a	t	0.3913	0.0016	0.3876	0.3938	-0.0798	0.0138	6.619e-09	---	0.0	0.630	2	0.7298	10708	1	196667252
4:474341_D_I	chr4:474341_D_I	d	i	0.9694	0.0010	0.9667	0.9709	-0.1644	0.0402	4.336e-05	---	3.4	2.070	2	0.3552	10708	4	474341
rs1329421	chr1:196656205_A_T	a	t	0.3913	0.0014	0.3878	0.3931	-0.0807	0.0138	4.695e-09	---	0.0	0.642	2	0.7255	10708	1	196656205
rs1359594	chr1:196927428_G_T	t	g	0.4725	0.0039	0.4704	0.4813	-0.0614	0.0135	5.322e-06	---	63.2	5.438	2	0.06593	10708	1	196927428
rs12192911	chr6:1055794_A_G	a	g	0.1891	0.0067	0.1857	0.2038	0.0755	0.0185	4.333e-05	+++	71.5	7.021	2	0.02988	10708	6	1055794
rs59221021	chr1:165004530_C_T	t	c	0.2864	0.0021	0.2811	0.2901	-0.0668	0.0149	7.442e-06	---	13.5	2.312	2	0.3147	10708	1	165004530
rs61818875	chr1:196788371_C_T	t	c	0.4213	0.0063	0.4065	0.4333	0.0623	0.0145	1.755e-05	+++	79.7	9.862	2	0.007219	10708	1	196788371
rs442560	chr1:196807002_A_T	a	t	0.4194	0.0054	0.4050	0.4281	0.0597	0.0145	3.834e-05	+++	72.1	7.162	2	0.02785	10708	1	196807002
rs402991	chr1:196676103_C_G	c	g	0.4298	0.0021	0.4246	0.4325	-0.0679	0.0136	5.398e-07	---	6.6	2.142	2	0.3427	10708	1	196676103
rs116996584	chr16:6063821_C_G	c	g	0.0623	0.0024	0.0578	0.0697	-0.1219	0.0290	2.586e-05	---	47.8	3.829	2	0.1474	10708	16	6063821
rs815941	chr7:55521962_C_T	t	c	0.6900	0.0056	0.6768	0.6930	0.0609	0.0147	3.395e-05	+++	10.4	2.231	2	0.3277	10708	7	55521962
rs10754210	chr1:197012111_A_G	a	g	0.3204	0.0070	0.3143	0.3406	-0.0615	0.0144	2.028e-05	---	16.2	2.386	2	0.3034	10708	1	197012111
rs56405864	chr1:164999377_C_G	c	g	0.7136	0.0020	0.7096	0.7180	0.0672	0.0149	6.253e-06	+++	19.3	2.479	2	0.2895	10708	1	164999377
rs11787730	chr9:9193854_A_G	a	g	0.9290	0.0024	0.9224	0.9334	-0.1118	0.0269	3.304e-05	---	0.0	0.206	2	0.902	10708	9	9193854
rs745368998	chr10:20310126_D_I	d	i	0.0308	0.0016	0.0256	0.0313	0.2113	0.0488	1.519e-05	+-+	23.4	2.610	2	0.2712	10708	10	20310126
rs12552407	chr9:106515999_C_G	c	g	0.8459	0.0001	0.8457	0.8460	0.0797	0.0187	2.051e-05	+++	0.0	0.698	2	0.7054	10708	9	106515999
rs11442562	chr7:51725940_D_I	d	i	0.6128	0.0081	0.5920	0.6162	-0.0661	0.0140	2.46e-06	---	0.0	0.268	2	0.8744	10708	7	51725940
rs71524421	chr1:196815708_C_G	c	g	0.5189	0.0058	0.5013	0.5242	0.0642	0.0137	2.946e-06	+++	37.0	3.175	2	0.2044	10708	1	196815708
rs7864798	chr9:112426867_G_T	t	g	0.1091	0.0027	0.1053	0.1164	0.0973	0.0219	8.679e-06	+++	0.0	0.594	2	0.743	10708	9	112426867
rs7519281	chr1:196772577_A_G	a	g	0.4921	0.0050	0.4894	0.5028	0.0617	0.0143	1.728e-05	+++	69.8	6.630	2	0.03633	10708	1	196772577
rs6685931	chr1:196867233_C_T	t	c	0.5890	0.0027	0.5819	0.5903	0.0603	0.0137	1.14e-05	+++	54.0	4.348	2	0.1137	10708	1	196867233
rs528298	chr1:196660995_A_T	a	t	0.3901	0.0016	0.3861	0.3924	-0.0794	0.0138	8.213e-09	---	0.0	0.816	2	0.6651	10708	1	196660995
rs3764406	chr17:18282676_G_T	t	g	0.0148	0.0019	0.0139	0.0196	-0.2724	0.0645	2.438e-05	---	0.0	0.851	2	0.6535	10708	17	18282676
rs12093971	chr1:196897394_A_G	a	g	0.1473	0.0118	0.1432	0.1831	-0.0785	0.0194	4.948e-05	---	66.8	6.018	2	0.04933	10708	1	196897394
rs148415483	chr5:108471781_D_I	d	i	0.0308	0.0016	0.0269	0.0316	-0.1628	0.0397	4.1e-05	--+	50.9	4.076	2	0.1303	10708	5	108471781
rs77315112	chr18:13424452_C_T	t	c	0.0319	0.0024	0.0256	0.0378	-0.1687	0.0416	4.934e-05	---	0.0	0.898	2	0.6382	10708	18	13424452
rs73181554	chr13:45612357_G_T	t	g	0.9786	0.0024	0.9724	0.9798	-0.1920	0.0471	4.581e-05	---	0.0	0.501	2	0.7785	10708	13	45612357
8:3445858_T_C	chr8:3445858_C_T	t	c	0.4151	0.0028	0.4110	0.4224	-0.0597	0.0140	1.983e-05	---	0.0	0.188	2	0.9102	10708	8	3445858
rs437744	chr1:196787112_A_G	a	g	0.5776	0.0056	0.5669	0.5906	-0.0622	0.0145	1.849e-05	---	78.8	9.453	2	0.008858	10708	1	196787112
rs2772038	chr1:196805200_A_G	a	g	0.5401	0.0066	0.5248	0.5512	-0.0717	0.0144	6.164e-07	---	77.3	8.812	2	0.01221	10708	1	196805200
rs151338190	chr6:124454147_A_G	a	g	0.0328	0.0013	0.0322	0.0358	-0.1680	0.0412	4.578e-05	---	0.0	0.676	2	0.7133	10708	6	124454147
rs10820542	chr9:106517270_A_G	a	g	0.1583	0.0006	0.1579	0.1599	-0.0783	0.0185	2.271e-05	---	0.0	0.661	2	0.7187	10708	9	106517270
rs10922142	chr1:196821108_A_T	a	t	0.4719	0.0059	0.4658	0.4897	-0.0650	0.0135	1.345e-06	---	52.4	4.202	2	0.1223	10708	1	196821108
rs203688	chr1:196672385_A_G	a	g	0.6090	0.0017	0.6055	0.6127	0.0787	0.0138	1.081e-08	+++	0.0	0.880	2	0.6441	10708	1	196672385
rs12033127	chr1:196664255_G_T	t	g	0.3914	0.0015	0.3880	0.3938	-0.0803	0.0138	5.557e-09	---	0.0	0.627	2	0.7309	10708	1	196664255
rs61411102	chr10:82341486_A_G	a	g	0.0793	0.0020	0.0784	0.0842	0.1065	0.0250	2.057e-05	+++	19.1	2.471	2	0.2907	10708	10	82341486
rs10922103	chr1:196671118_A_G	a	g	0.6078	0.0017	0.6042	0.6113	0.0787	0.0138	1.071e-08	+++	0.0	0.727	2	0.6953	10708	1	196671118
rs778218735	chr2:171532991_D_I	d	i	0.0262	0.0006	0.0244	0.0264	0.2529	0.0607	3.116e-05	+++	37.1	3.180	2	0.2039	10708	2	171532991
rs1329422	chr1:196655280_C_G	c	g	0.3911	0.0015	0.3874	0.3930	-0.0798	0.0138	6.762e-09	---	0.0	0.666	2	0.7166	10708	1	196655280
rs7529589	chr1:196658279_C_T	t	c	0.3912	0.0014	0.3878	0.3931	-0.0804	0.0138	5.321e-09	---	0.0	0.659	2	0.7193	10708	1	196658279
rs555696304	chr1:196742797_D_I	d	i	0.5049	0.0039	0.5028	0.5137	0.0613	0.0144	2.075e-05	+++	73.2	7.455	2	0.02405	10708	1	196742797
rs11076339	chr16:59790943_A_T	a	t	0.3615	0.0051	0.3544	0.3754	0.0620	0.0140	9.849e-06	+++	10.4	2.232	2	0.3275	10708	16	59790943
rs4875746	chr8:3442901_C_T	t	c	0.5796	0.0022	0.5785	0.5841	0.0602	0.0138	1.225e-05	+++	0.0	0.368	2	0.832	10708	8	3442901
rs399469	chr1:196676105_A_T	a	t	0.4298	0.0021	0.4246	0.4325	-0.0679	0.0136	5.458e-07	---	6.1	2.130	2	0.3448	10708	1	196676105
rs7319567	chr13:45616430_C_G	c	g	0.0215	0.0025	0.0202	0.0279	0.1920	0.0472	4.757e-05	+++	0.0	0.417	2	0.8117	10708	13	45616430
rs541532001	chr2:138826705_D_I	d	i	0.5879	0.0074	0.5840	0.6114	-0.0624	0.0148	2.381e-05	---	0.0	0.202	2	0.904	10708	2	138826705
rs147771574	chr4:484408_C_T	t	c	0.0305	0.0013	0.0296	0.0343	0.1663	0.0399	3.102e-05	+++	0.0	1.589	2	0.4518	10708	4	484408
rs753332501	chr6:19941485_D_I	d	i	0.0407	0.0036	0.0391	0.0502	-0.1867	0.0453	3.733e-05	---	0.0	0.066	2	0.9676	10708	6	19941485
rs777944441	chr14:92385699_D_I	d	i	0.1286	0.0015	0.1248	0.1307	0.1111	0.0269	3.729e-05	+++	0.0	0.544	2	0.7617	10708	14	92385699
rs755799544	chr1:196690951_D_I	d	i	0.6293	0.0030	0.6281	0.6375	-0.0832	0.0149	2.406e-08	---	0.0	0.661	2	0.7185	10708	1	196690951
rs143981657	chr1:196765179_A_G	a	g	0.5089	0.0050	0.4978	0.5115	-0.0604	0.0143	2.496e-05	---	71.1	6.920	2	0.03142	10708	1	196765179
rs6422658	chr1:188613480_C_T	t	c	0.3759	0.0072	0.3722	0.3933	-0.0661	0.0142	3.341e-06	-+-	74.9	7.980	2	0.0185	10708	1	188613480
rs115662203	chr4:489804_A_G	a	g	0.0304	0.0012	0.0296	0.0338	0.1657	0.0400	3.452e-05	+++	0.0	1.710	2	0.4254	10708	4	489804
rs448757	chr1:196776407_A_G	a	g	0.4922	0.0045	0.4899	0.5027	0.0625	0.0144	1.358e-05	+++	72.5	7.275	2	0.02632	10708	1	196776407
rs187265249	chr23:47177971_C_T	t	c	0.0286	0.0017	0.0230	0.0293	0.1494	0.0364	4.046e-05	+++	0.0	1.339	2	0.5119	10708	23	47177971
rs149815976	chr23:133557588_A_G	a	g	0.0179	0.0001	0.0177	0.0180	-0.1989	0.0460	1.508e-05	--?	39.5	1.653	1	0.1985	9376	23	133557588
rs56381704	chr23:132503441_C_T	t	c	0.0181	0.0005	0.0178	0.0192	-0.2018	0.0471	1.858e-05	---	0.0	0.785	2	0.6754	10708	23	132503441
rs180716052	chr23:47140257_C_G	c	g	0.9741	0.0018	0.9733	0.9801	-0.1678	0.0392	1.853e-05	---	0.0	0.600	2	0.7408	10708	23	47140257
